IUPAC,SJA 1ug/ml,SJA 10ug/ml,SJA 100ug/ml
Gal(a1-Sp8,2.558322811759037,5.389356906595332,13.648827920863145
Glc(a1-Sp8,16.464662235906957,4.042923050219973,25.708734775169297
Man(a1-Sp8,24.527086568985357,4.8702530468138425,10.363990579365014
GalNAc(a1-Sp8,9.959507428039132,8.716850944148351,16.672717808244073
GalNAc(a1-Sp15,13.277455311542196,12.426796189250341,37.1207183819225
Fuc(a1-Sp8,10.6364116555663,9.856610723223614,6.814706989237809
Fuc(a1-Sp9,9.200882567223276,8.667518239957731,3.6397600794328975
Rha(a1-Sp8,9.848181533663967,3.8230873094703854,7.035526246308793
Neu5Ac(a1-Sp8,7.188765539367659,16.245990747873762,20.038489033087465
Neu5Ac(a1-Sp11,20.089947641129704,8.149734431256029,6.079661752104312
Neu5Ac(b1-Sp8,13.583647122029994,4.676522456555369,14.836700301055252
Gal(b1-Sp8,15.77575825443901,7.0325465470079385,10.443183105579767
Glc(b1-Sp8,7.553356041908345,13.258478808011875,9.273285641921461
Man(b1-Sp8,10.391223363131989,7.5179833645178205,3.787522275842108
GalNAc(b1-Sp8,5.750823937706673,14.673461323394903,35.56346127839733
GlcNAc(b1-Sp0,21.176853453298964,5.403106762702979,17.466883884368166
GlcNAc(b1-Sp8,3.7643228008722387,12.54344724504259,6.248372786240697
GlcN[Gc](b1-Sp8,6.050443931026883,5.958496369820713,8.924391960800467
Gal(b1-4)GlcNAc(b1-6)[Gal(b1-4)GlcNAc(b1-3)]GalNAc(a1-Sp8,7.928888467444012,2.451328482510395,49.60056293211164
Gal(b1-4)GlcNAc(b1-6)[Gal(b1-4)GlcNAc(b1-3)]GalNAc(a1-Sp14,9.526157080376114,8.92822062115401,13.462186987509368
GlcNAc(b1-6)[GlcNAc(b1-4)][GlcNAc(b1-3)]GlcNAc(a1-Sp8,8.182779584540121,3.7957981526726834,7.8966261227501455
6S(3S)Gal(b1-4)(6S)GlcNAc(b1-Sp0,12.838392285218834,11.222676947591424,13.738745775451989
6S(3S)Gal(b1-4)GlcNAc(b1-Sp0,30.934144394975057,7.317196486530893,6.92934077311832
(3S)Gal(b1-4)[Fuc(a1-3)](6S)Glc(a1-Sp0,26.433837296099643,6.683349927182218,49.676665668190424
(3S)Gal(b1-4)Glc(b1-Sp8,9.707713136470405,3.3785031521617186,9.48041400515645
(3S)Gal(b1-4)(6S)Glc(b1-Sp0,0.8681219441990796,9.711639690769688,4.581016535297237
(3S)Gal(b1-4)(6S)Glc(b1-Sp8,11.985759710137966,7.510504920443102,5.103770337374781
(3S)Gal(b1-3)[Fuc(a1-4)]GlcNAc(b1-Sp8,12.227523823189491,13.259466939857225,4.9779797789866524
(3S)Gal(b1-3)GalNAc(a1-Sp8,4.972853262128966,8.289241485755309,9.389041536813016
(3S)Gal(b1-3)GlcNAc(b1-Sp0,6.556833838256085,3.5982310277644323,6.070998674847491
(3S)Gal(b1-3)GlcNAc(b1-Sp8,7.4906948120095445,12.537987671073857,8.063442621899572
(3S)Gal(b1-4)[Fuc(a1-3)]GlcNAc(a1-Sp0 ,12.436299844507616,9.444278568000842,8.888365400670324
(3S)Gal(b1-4)[Fuc(a1-3)]GlcNAc(a1-Sp8,5.488037671988656,9.578892765302612,2.4956397035629885
(3S)Gal(b1-4)(6S)GlcNAc(b1-Sp0,6.7294283509076775,1.9674215602746017,9.942637530814784
(3S)Gal(b1-4)(6S)GlcNAc(b1-Sp8,13.53086449871185,9.546070838264649,5.943929850135622
(3S)Gal(b1-4)GlcNAc(b1-Sp0,5.213105060246399,7.153303725319284,6.28299847445469
(3S)Gal(b1-4)GlcNAc(b1-Sp8,4.309783068303246,7.735125437681455,6.5200937484952375
(3S)Gal(b1-Sp8,16.439071020260446,2.787259780381683,5.03186763496749
(6S)(4S)Gal(b1-4)GlcNAc(b1-Sp0,3.4978130552055924,9.657166019895973,12.064747083238007
(4S)Gal(b1-4)GlcNAc(b1-Sp8,12.046883472638605,7.06096523831315,9.874253044281376
(6P)Man(a1-Sp8,7.939545848630152,6.3534774307067465,5.000793471040371
(6S)Gal(b1-4)Glc(b1-Sp0,13.595158698718214,13.669399148310552,5.486608599429461
(6S)Gal(b1-4)Glc(b1-Sp8,11.486848529913098,7.8670867587690925,9.92980619192372
(6S)Gal(b1-4)GlcNAc(b1-Sp8,11.877914066416151,2.3392367109807406,13.001074363393974
(6S)Gal(b1-4)(6S)Glc(b1-Sp8,2.4342794183631957,1.7879918773119043,14.718388185871452
Neu5Ac(a2-3)(6S)Gal(b1-4)GlcNAc(b1-Sp8,6.491997552564232,5.5058946384004335,10.419923564019072
(6S)GlcNAc(b1-Sp8,8.06716612505077,5.562647017982253,5.7787661249324325
"Neu5,9Ac2(a1-Sp8",4.913388973339414,7.681912624904469,5.167288804505397
"Neu5,9Ac2(a2-6)Gal(b1-4)GlcNAc(b1-Sp8",10.463153696782822,3.954934314667357,16.04317479748008
Man(a1-6)[Man(a1-3)]Man(b1-4)GlcNAc(b1-4)GlcNAc(b1-Sp12,1.9562252978205863,1.4132984410001093,3.624897815571277
Man(a1-6)[Man(a1-3)]Man(b1-4)GlcNAc(b1-4)GlcNAc(b1-Sp13,5.747854959026004,8.735848596444423,6.964447346523841
GlcNAc(b1-2)Man(a1-6)[GlcNAc(b1-2)Man(a1-3)]Man(b1-4)GlcNAc(b1-4)GlcNAc(b1-Sp12,6.189361141507257,3.5805642558122006,3.5480893810378187
GlcNAc(b1-2)Man(a1-6)[GlcNAc(b1-2)Man(a1-3)]Man(b1-4)GlcNAc(b1-4)GlcNAc(b1-Sp13,3.9327036069350574,5.459783559431024,11.298587333674355
Gal(b1-4)GlcNAc(b1-2)Man(a1-6)[Gal(b1-4)GlcNAc(b1-2)Man(a1-3)]Man(b1-4)GlcNAc(b1-4)GlcNAc(b1-Sp12,8.829712791478912,4.348326609455646,14.490355613619885
Neu5Ac(a2-6)Gal(b1-4)GlcNAc(b1-2)Man(a1-6)[Neu5Ac(a2-6)Gal(b1-4)GlcNAc(b1-2)Man(a1-3)]Man(b1-4)GlcNAc(b1-4)GlcNAc(b1-Sp12,4.852479444830244,1.0656798217569885,12.203968609705068
Neu5Ac(a2-6)Gal(b1-4)GlcNAc(b1-2)Man(a1-6)[Neu5Ac(a2-6)Gal(b1-4)GlcNAc(b1-2)Man(a1-3)]Man(b1-4)GlcNAc(b1-4)GlcNAc(b1-Sp13,9.693304072915494,3.668296605942147,21.80260063713732
Neu5Ac(a2-6)Gal(b1-4)GlcNAc(b1-2)Man(a1-6)[Neu5Ac(a2-6)Gal(b1-4)GlcNAc(b1-2)M(an-a)(a1-3)]Man(b1-4)GlcNAc(b1-4)GlcNAc(b1-Sp21,9.57181710487443,3.255011246780364,5.031859367735418
Neu5Ac(a2-6)Gal(b1-4)GlcNAc(b1-2)Man(a1-6)[Neu5Ac(a2-6)Gal(b1-4)GlcNAc(b1-2)Man(a1-3)]Man(b1-4)GlcNAc(b1-4)GlcNAc(b1-Sp24,4.691139002061939,9.25621752062724,18.872547914188303
Fuc(a1-2)Gal(b1-3)GalNAc(b1-3)Gal(a1-Sp9,7.417004135768027,9.099359103942431,4.623606334525751
Fuc(a1-2)Gal(b1-3)GalNAc(b1-3)Gal(a1-4)Gal(b1-4)Glc(b1-Sp9,6.853018947089428,9.75338802143474,31.77605943321705
Fuc(a1-2)Gal(b1-3)[Fuc(a1-4)]GlcNAc(b1-Sp8,12.32643379959643,5.814071602299602,1.217110470198439
Fuc(a1-2)Gal(b1-3)GalNAc(a1-Sp8,12.672882276867135,2.9380288679941047,16.682347241195806
Fuc(a1-2)Gal(b1-3)GalNAc(a1-Sp14,3.757692653189365,3.7039955296049327,18.64848386319472
Fuc(a1-2)Gal(b1-3)GalNAc(b1-4)[Neu5Ac(a2-3)]Gal(b1-4)Glc(b1-Sp0,17.950499512710874,7.24932608793167,4.567134235674131
Fuc(a1-2)Gal(b1-3)GalNAc(b1-4)[Neu5Ac(a2-3)]Gal(b1-4)Glc(b1-Sp9,6.132872744141474,6.140522578942284,20.86257322263965
Fuc(a1-2)Gal(b1-3)GlcNAc(b1-3)Gal(b1-4)Glc(b1-Sp8,7.188950640798224,1.3395048348176966,7.875312619614964
Fuc(a1-2)Gal(b1-3)GlcNAc(b1-3)Gal(b1-4)Glc(b1-Sp10,5.161673551604491,4.2669294193834535,10.874751957937553
Fuc(a1-2)Gal(b1-3)GlcNAc(b1-Sp0,5.9707202159091874,10.126730150900947,6.905833408732554
Fuc(a1-2)Gal(b1-3)GlcNAc(b1-Sp8,4.366336250221691,4.275567064437183,15.938675555050573
Fuc(a1-2)Gal(b1-4)[Fuc(a1-3)]GlcNAc(b1-3)Gal(b1-4)[Fuc(a1-3)]GlcNAc(b1-Sp0,8.646169198359853,5.719193589061892,3.545558069260745
Fuc(a1-2)Gal(b1-4)[Fuc(a1-3)]GlcNAc(b1-3)Gal(b1-4)[Fuc(a1-3)]GlcNAc(b1-3)Gal(b1-4)[Fuc(a1-3)]GlcNAc(b1-Sp0,6.5002974354383705,17.475913447847773,9.140076277717817
Fuc(a1-2)Gal(b1-4)[Fuc(a1-3)]GlcNAc(b1-Sp0,10.04440165975555,5.479962537812947,8.857596634669024
Fuc(a1-2)Gal(b1-4)[Fuc(a1-3)]GlcNAc(b1-Sp8,4.3978070933136655,13.656208887138725,1.6088399847923576
Fuc(a1-2)Gal(b1-4)GlcNAc(b1-3)Gal(b1-4)GlcNAc(b1-Sp0,8.299116665997252,12.215687617840693,41.75925594184547
Fuc(a1-2)Gal(b1-4)GlcNAc(b1-3)Gal(b1-4)GlcNAc(b1-3)Gal(b1-4)GlcNAc(b1-Sp0,12.131387608596144,23.957214123585647,26.99589644747765
Fuc(a1-2)Gal(b1-4)GlcNAc(b1-Sp0,6.027390104279513,10.084922743837287,3.357316272461288
Fuc(a1-2)Gal(b1-4)GlcNAc(b1-Sp8,9.350685505842137,18.621404566609186,32.48367606758006
Fuc(a1-2)Gal(b1-4)Glc(b1-Sp0,5.445297622107844,13.771879817796602,4.759283840033066
Fuc(a1-2)Gal(b1-Sp8,16.152928047545032,21.210219979901968,39.43976261397741
Fuc(a1-3)GlcNAc(b1-Sp8,13.946631807955164,6.283479431745331,1.226094366950058
Fuc(a1-4)GlcNAc(b1-Sp8,7.1721276082600935,5.671284928185731,7.348303451817977
Fuc(b1-3)GlcNAc(b1-Sp8,14.334716895704634,17.530956360107687,7.721265361487068
GalNAc(a1-3)[Fuc(a1-2)]Gal(b1-3)GlcNAc(b1-Sp0,6.4921363415032065,2.8453612018804866,40.0918565991795
GalNAc(a1-3)[Fuc(a1-2)]Gal(b1-4)[Fuc(a1-3)]GlcNAc(b1-Sp0,6.8375410438743565,13.168444119940679,62.11740822474693
(3S)Gal(b1-4)[Fuc(a1-3)]Glc(b1-Sp0,17.02828764047246,5.207938524022731,8.97775358891817
GalNAc(a1-3)[Fuc(a1-2)]Gal(b1-4)GlcNAc(b1-Sp0,13.481211059439973,6.470461368596522,22.71927526939703
GalNAc(a1-3)[Fuc(a1-2)]Gal(b1-4)GlcNAc(b1-Sp8,4.681238002209813,9.183430739108292,256.56447990516284
GalNAc(a1-3)[Fuc(a1-2)]Gal(b1-4)Glc(b1-Sp0,6.921558258260925,6.202931308394978,21.64629165151625
GlcNAc(b1-3)Gal(b1-3)GalNAc(a1-Sp8,11.0377664710378,7.323902867722462,15.643422489207186
GalNAc(a1-3)[Fuc(a1-2)]Gal(b1-Sp8,2.60438660004616,9.328514759417327,22.358478906371783
GalNAc(a1-3)[Fuc(a1-2)]Gal(b1-Sp18,6.994979157700663,5.071468881481311,56.8716703627499
GalNAc(a1-3)GalNAc(b1-Sp8,9.359547386269986,11.414671211318351,3.2478218284208054
GalNAc(a1-3)Gal(b1-Sp8,4.425703792901198,12.24718610797324,40.19632448081132
GalNAc(a1-4)[Fuc(a1-2)]Gal(b1-4)GlcNAc(b1-Sp8,4.9766992287392,12.297121814575169,16.650862099278058
GalNAc(b1-3)GalNAc(a1-Sp8,3.921791625753892,7.133339718708197,6.226627627911168
GalNAc(b1-3)[Fuc(a1-2)]Gal(b1-Sp8,8.591615055195772,15.589921656206837,7.675353510371099
GalNAc(b1-3)Gal(a1-4)Gal(b1-4)GlcNAc(b1-Sp0,4.553541529677749,8.478196186837145,32.55489503811218
GalNAc(b1-4)[Fuc(a1-3)]GlcNAc(b1-Sp0,1.5664912394690524,12.312653508349307,12.969025606806396
GalNAc(b1-4)GlcNAc(b1-Sp0,75.918140429478,28.07647363977111,515.7733516035198
GalNAc(b1-4)GlcNAc(b1-Sp8,87.48277184806155,87.61616250708607,355.46275756264777
Gal(a1-2)Gal(b1-Sp8,14.835614898614747,3.446908038010301,18.41778392991856
Gal(a1-3)[Fuc(a1-2)]Gal(b1-3)GlcNAc(b1-Sp0,3.3367307797703227,17.38467076217364,229.94169638608486
Gal(a1-3)[Fuc(a1-2)]Gal(b1-3)GlcNAc(b1-Sp8,6.718146029163949,135.83843008300886,474.5187690203458
Gal(a1-3)[Fuc(a1-2)]Gal(b1-4)[Fuc(a1-3)]GlcNAc(b1-Sp0,85.75529635169283,151.62885520008803,376.8048989794431
Gal(a1-3)[Fuc(a1-2)]Gal(b1-4)[Fuc(a1-3)]GlcNAc(b1-Sp8,85.21458931925986,147.21845506237588,1376.1335984110501
Gal(a1-3)[Fuc(a1-2)]Gal(b1-4)GlcNAc(a1-Sp0,25.598195325256853,64.27106205203937,148.48807526751116
Gal(a1-3)[Fuc(a1-2)]Gal(b1-4)Glc(b1-Sp0,16.425635951640743,74.43696559592624,698.4729458581198
Gal(a1-3)[Fuc(a1-2)]Gal(b1-Sp8,2.648411645213034,21.248145115809624,521.01892091812
Gal(a1-3)[Fuc(a1-2)]Gal(b1-Sp18,6.939723891901777,215.55738494910275,117.78652696393135
Gal(a1-4)[Gal(a1-3)]Gal(b1-4)GlcNAc(b1-Sp8,10.309217731840759,13.09005406288173,9.941023321737733
Gal(a1-3)GalNAc(a1-Sp8,11.630927041405597,4.668178060996227,9.165785286006153
Gal(a1-3)GalNAc(a1-Sp16,9.075443099375367,4.647281606129188,3.6160819335296916
Gal(a1-3)GalNAc(b1-Sp8,8.285126637937811,7.1837488293601535,11.37600389093932
Gal(a1-3)Gal(b1-4)[Fuc(a1-3)]GlcNAc(b1-Sp8,6.189222981050749,14.819957965864825,5.377106871651955
Gal(a1-3)Gal(b1-3)GlcNAc(b1-Sp0,4.510534644215324,2.3745493612824045,5.9399529472743575
Gal(a1-3)Gal(b1-4)GlcNAc(b1-Sp8,4.922244501156632,5.1204165628068425,6.595182874581012
Gal(a1-3)Gal(b1-4)Glc(b1-Sp0,4.647524940851142,4.979236849491427,3.1620516978695905
Gal(a1-3)Gal(b1-4)Glc(a1-Sp10,5.490354798113381,5.138144663851602,5.72040687626326
Gal(a1-3)Gal(b1-Sp8,5.4590753847759474,1.570221973692455,15.10686572817693
Gal(a1-4)[Fuc(a1-2)]Gal(b1-4)GlcNAc(b1-Sp8,9.55351015089916,20.698015227472087,23.17324114548214
Gal(a1-4)Gal(b1-4)GlcNAc(b1-Sp0,5.576907083381134,12.739433152322755,2.942874814983921
Gal(a1-4)Gal(b1-4)GlcNAc(b1-Sp8,15.472254851696098,4.569503108927707,4.011718966872766
Gal(a1-4)Gal(b1-4)Glc(b1-Sp0,8.308741435781151,8.150476522009821,24.64869490086307
Gal(a1-4)GlcNAc(b1-Sp8,1.9983533661075403,8.936020595833847,5.486243253812213
Gal(a1-6)Glc(b1-Sp8,6.687332698468058,9.085274477233293,30.134636515976105
Gal(b1-2)Gal(b1-Sp8,3.5912012409962952,5.6000876620370965,4.802028081967038
Gal(b1-3)[Fuc(a1-4)]GlcNAc(b1-3)Gal(b1-4)[Fuc(a1-3)]GlcNAc(b1-Sp0,2.7388898753266178,10.091306058641107,17.452376789423266
Gal(b1-3)[Fuc(a1-4)]GlcNAc(b1-3)Gal(b1-4)GlcNAc(b1-Sp0,5.0212812371445565,16.33690930345048,7.75293242113374
Gal(b1-3)[Fuc(a1-4)]GlcNAc(a1-Sp0,5.7466468468577405,11.707176321954556,4.291280378861298
Gal(b1-3)[Fuc(a1-4)]GlcNAc(a1-Sp8 ,6.596217527492557,6.763926786761267,3.6095709020140734
Fuc(a1-4)[Gal(b1-3)]GlcNAc(b1-Sp8,10.156043476792528,11.424113383942167,4.404859534934116
Gal(b1-4)GlcNAc(b1-6)GalNAc(a1-Sp8,12.296296029665434,11.33771069631491,13.231089378524244
Gal(b1-4)GlcNAc(b1-6)GalNAc(a1-Sp14,15.33749944384677,8.823308446901697,14.011311671883796
GlcNAc(b1-6)[Gal(b1-3)]GalNAc(a1-Sp8,6.669760963920171,3.7634255685478872,22.66969425657669
GlcNAc(b1-6)[Gal(b1-3)]GalNAc(a1-Sp14,6.878956130353888,8.00179898371818,10.494518022440733
Neu5Ac(a2-6)[Gal(b1-3)]GalNAc(a1-Sp8,8.844654078547489,5.463125493097646,8.602581724691724
Neu5Ac(a2-6)[Gal(b1-3)]GalNAc(a1-Sp14,16.18186030186784,8.24960620029829,8.523502543164593
Neu5Ac(b2-6)[Gal(b1-3)]GalNAc(a1-Sp8,3.8531085531684672,3.5123607184722183,9.743917095082107
Neu5Ac(a2-6)[Gal(b1-3)]GlcNAc(b1-4)Gal(b1-4)Glc(b1-Sp10,2.6222042191000914,6.537344652775056,7.0171541130760335
Gal(b1-3)GalNAc(a1-Sp8,13.480754454282842,4.542086175151239,6.222967826460833
Gal(b1-3)GalNAc(a1-Sp14,5.2573536444996085,6.850859740207789,9.725746052060305
Gal(b1-3)GalNAc(a1-Sp16,2.9959007675767007,14.236199470920365,12.156042855955773
Gal(b1-3)GalNAc(b1-Sp8,5.721349364369093,9.274019936359851,3.218008828841485
Gal(b1-3)GalNAc(b1-3)Gal(a1-4)Gal(b1-4)Glc(b1-Sp0,6.0795089474808695,11.76825956641422,29.06562564066588
Gal(b1-3)GalNAc(b1-4)[Neu5Ac(a2-3)]Gal(b1-4)Glc(b1-Sp0,9.058796424608518,11.698156941302047,1.6549475782231662
Gal(b1-3)GalNAc(b1-4)Gal(b1-4)Glc(b1-Sp8,10.994084691134294,2.1555743124899878,0.9119929509047674
Gal(b1-3)Gal(b1-Sp8,7.665565270034994,3.619574025927189,14.476163384307547
Gal(b1-3)GlcNAc(b1-3)Gal(b1-4)GlcNAc(b1-Sp0,5.915922983144728,12.564042994825884,3.8124327749264513
Gal(b1-3)GlcNAc(b1-3)Gal(b1-4)Glc(b1-Sp10,2.6311212671596893,7.820396776538902,15.168279140034327
Gal(b1-3)GlcNAc(b1-Sp0,5.826791038527699,11.443480181417716,9.862274161461613
Gal(b1-3)GlcNAc(b1-Sp8,3.4226301158611907,7.332467059306811,13.01099527332556
Gal(b1-4)[Fuc(a1-3)]GlcNAc(b1-Sp0,4.02704687871067,3.0454556336723964,11.678402129429633
Gal(b1-4)[Fuc(a1-3)]GlcNAc(b1-Sp8,5.0618889585970415,5.460495831805629,2.168092401167444
Gal(b1-4)[Fuc(a1-3)]GlcNAc(b1-4)Gal(b1-4)[Fuc(a1-3)]GlcNAc(b1-Sp0,9.58773888824506,9.005913441548653,7.493795911063143
Gal(b1-4)[Fuc(a1-3)]GlcNAc(b1-4)Gal(b1-4)[Fuc(a1-3)]GlcNAc(b1-4)Gal(b1-4)[Fuc(a1-3)]GlcNAc(b1-Sp0,0.9259697493259066,7.031571741023949,5.486617844355483
Gal(b1-4)(6S)Glc(b1-Sp0,8.32082505624693,12.31035392352714,7.011923767115087
Gal(b1-4)(6S)Glc(b1-Sp8,6.571526352124492,7.035119165302032,9.789169080289703
Gal(b1-4)GalNAc(a1-3)[Fuc(a1-2)]Gal(b1-4)GlcNAc(b1-Sp8,2.918867554377894,5.724593375370282,20.23863238946344
Gal(b1-4)GalNAc(b1-3)[Fuc(a1-2)]Gal(b1-4)GlcNAc(b1-Sp8,6.988404167082787,1.766341613571207,3.9349784178781273
Gal(b1-4)GlcNAc(b1-3)GalNAc(a1-Sp8,12.296867892950086,11.420965191370644,7.1015568520219565
Gal(b1-4)GlcNAc(b1-3)GalNAc(a1-Sp14,5.942654478359534,7.463406199584737,6.008888989585898
Gal(b1-4)GlcNAc(b1-3)Gal(b1-4)[Fuc(a1-3)]GlcNAc(b1-3)Gal(b1-4)[Fuc(a1-3)]GlcNAc(b1-Sp0,5.645440751836836,16.931306153296806,52.24661359983093
Gal(b1-4)GlcNAc(b1-3)Gal(b1-4)GlcNAc(b1-3)Gal(b1-4)GlcNAc(b1-Sp0,2.197575011044369,15.350008028879554,26.47879954032401
Gal(b1-4)GlcNAc(b1-3)Gal(b1-4)GlcNAc(b1-Sp0,13.837241142414674,8.83550801727515,35.94743043449004
Gal(b1-4)GlcNAc(b1-3)Gal(b1-4)Glc(b1-Sp0,12.443385393151658,7.716893352681938,19.685853434954254
Gal(b1-4)GlcNAc(b1-3)Gal(b1-4)Glc(b1-Sp8,8.922485476732367,7.914230477226878,40.50898722089345
Gal(b1-4)GlcNAc(b1-6)[Gal(b1-3)]GalNAc(a1-Sp8,13.495829563825753,12.391045919634873,12.142039007376988
Gal(b1-4)GlcNAc(b1-6)[Gal(b1-3)]GalNAc(a1-Sp14,4.6714329143565045,1.9877708561770064,8.634792956405839
Gal(b1-4)GlcNAc(b1-Sp0,10.423651358449208,2.050230275481272,3.965093311533373
Gal(b1-4)GlcNAc(b1-Sp8,13.781776629665716,6.727282231084608,5.0212217944606525
Gal(b1-4)GlcNAc(b1-Sp23,3.464443030151698,4.074665301899044,6.7399347975951125
Gal(b1-4)Glc(b1-Sp0,2.8270345610138485,10.730811962249957,15.002397706672316
Gal(b1-4)Glc(b1-Sp8,6.228149073360399,8.092426686466386,15.273831649016554
GlcNAc(a1-3)Gal(b1-4)GlcNAc(b1-Sp8,7.455175398115507,16.74865632212527,4.806957118853963
GlcNAc(a1-6)Gal(b1-4)GlcNAc(b1-Sp8,2.8030520253228737,18.744196088811947,8.704391426937057
GlcNAc(b1-2)Gal(b1-3)GalNAc(a1-Sp8,2.930589711986297,21.426977404878347,5.3316218322851805
GlcNAc(b1-6)[GlcNAc(b1-3)]GalNAc(a1-Sp8,4.820556639365763,11.134337736143088,6.720735791749294
GlcNAc(b1-6)[GlcNAc(b1-3)]GalNAc(a1-Sp14,8.713242915384601,4.738473258339662,8.320205498664084
GlcNAc(b1-6)[GlcNAc(b1-3)]Gal(b1-4)GlcNAc(b1-Sp8,9.597972199506515,10.249209199535024,14.254254367117914
GlcNAc(b1-3)GalNAc(a1-Sp8,4.4473398573379415,11.341001764798673,7.980634411707711
GlcNAc(b1-3)GalNAc(a1-Sp14,5.082178408582946,5.63864226476552,4.004759649363077
GlcNAc(b1-3)Gal(b1-Sp8,13.625494992109461,10.576062653936956,5.986350077398303
GlcNAc(b1-3)Gal(b1-4)GlcNAc(b1-Sp0,11.333860697191104,2.3782934476917115,12.944665529443645
GlcNAc(b1-3)Gal(b1-4)GlcNAc(b1-Sp8,4.334648339831041,4.218224019260555,6.945415690163312
GlcNAc(b1-3)Gal(b1-4)GlcNAc(b1-3)Gal(b1-4)GlcNAc(b1-Sp0,8.760656605671741,2.939523968689489,8.404810671821622
GlcNAc(b1-3)Gal(b1-4)Glc(b1-Sp0,3.0708784729834773,17.69966482978327,2.9485670207464056
GlcNAc(b1-4)(a1-MDPLys,6.037847038473233,8.969910399543206,14.758494288008068
GlcNAc(b1-6)[GlcNAc(b1-4)]GalNAc(a1-Sp8,7.358618872394921,4.763904391970224,11.565477898325975
GlcNAc(b1-4)Gal(b1-4)GlcNAc(b1-Sp8,6.007614327043639,3.3067038905834893,7.290846687228226
GlcNAc(b1-4)GlcNAc(b1-4)GlcNAc(b1-4)GlcNAc(b1-4)GlcNAc(b1-4)GlcNAc(b1-Sp8,6.0334747058943305,14.857559365605805,6.440915474979023
GlcNAc(b1-4)GlcNAc(b1-4)GlcNAc(b1-4)GlcNAc(b1-4)GlcNAc(b1-Sp8,10.611255044998217,2.3525929983389235,39.52008580855895
GlcNAc(b1-4)GlcNAc(b1-4)GlcNAc(b1-Sp8,7.352143660808502,13.906789247702001,45.19522420234276
GlcNAc(b1-6)GalNAc(a1-Sp8,6.072196476289832,9.743790668591632,30.98192092036633
GlcNAc(b1-6)GalNAc(a1-Sp14,9.208814521424566,7.434644049930477,8.50302683455525
GlcNAc(b1-6)Gal(b1-4)GlcNAc(b1-Sp8,3.2469741774714915,6.790229338480892,28.621628358332487
Glc(a1-4)Glc(b1-Sp8,10.12611915176951,7.959128845284098,12.70179124648042
Glc(a1-4)Glc(a1-Sp8,2.1257795595577025,6.690643981150099,4.999615204776605
Glc(a1-6)Glc(a1-6)Glc(b1-Sp8,3.5724994686260385,4.614757417513948,4.291410430149976
Glc(b1-4)Glc(b1-Sp8,10.19977288321494,9.901905419791687,1.8502479966660201
Glc(b1-6)Glc(b1-Sp8,1.5677370676657951,27.112864726961256,13.565892315411222
G-ol(a1-Sp8,12.685395002488756,16.408610751345357,2.0596301998174344
GlcA(a1-Sp8,6.37262563940484,5.39984921911408,11.054845903154867
GlcA(b1-Sp8,21.84125532448105,24.30668527674021,19.812321652173093
GlcA(b1-3)Gal(b1-Sp8,9.834839351128217,5.970114760203519,11.354009473125922
GlcA(b1-6)Gal(b1-Sp8,6.567254946068919,25.6698436803934,5.6302444857365455
KDN(a2-3)Gal(b1-3)GlcNAc(b1-Sp0,12.070706465240546,5.732573842161412,14.500814685389233
KDN(a2-3)Gal(b1-4)GlcNAc(b1-Sp0,15.876573478425168,8.404494543992516,6.366697537643303
Man(a1-2)Man(a1-2)Man(a1-3)Man(a1-Sp9,1.039883453004877,4.977714586953205,3.361701342450472
Man(a1-2)Man(a1-6)[Man(a1-2)Man(a1-3)]Man(a1-Sp9,4.982992530849299,12.536786551684608,3.5675762728356624
Man(a1-2)Man(a1-3)Man(a1-Sp9,4.306020713295903,2.4560538600228865,2.384689292130108
Man(a1-6)[Man(a1-2)Man(a1-3)]Man(a1-6)[Man(a1-2)Man(a1-3)]Man(b1-4)GlcNAc(b1-4)GlcNAc(b1-Sp12,6.7842569394149566,2.113279967254692,4.747078631818382
Man(a1-2)Man(a1-6)[Man(a1-3)]Man(a1-6)[Man(a1-2)Man(a1-2)Man(a1-3)]Man(b1-4)GlcNAc(b1-4)GlcNAc(b1-Sp12,7.626359995600778,26.51914159715582,7.834608208455608
Man(a1-2)Man(a1-6)[Man(a1-2)Man(a1-3)]Man(a1-6)[Man(a1-2)Man(a1-2)Man(a1-3)]Man(b1-4)GlcNAc(b1-4)GlcNAc(b1-Sp12,7.146007759581548,3.9818990264278047,12.271084360805276
Man(a1-6)[Man(a1-3)]Man(a1-Sp9,2.019563301805616,5.683996513237847,4.201372829901357
Man(a1-2)Man(a1-2)Man(a1-6)[Man(a1-3)]Man(a1-Sp9,5.323775582547907,7.702298240730919,7.272039206210782
Man(a1-6)[Man(a1-3)]Man(a1-6)[Man(a1-2)Man(a1-3)]Man(b1-4)GlcNAc(b1-4)GlcNAc(b1-Sp12,38.122282112729046,29.999571444994565,20.32640762019912
Man(a1-6)[Man(a1-3)]Man(a1-6)[Man(a1-3)]Man(b1-4)GlcNAc(b1-4)GlcNAc(b1-Sp12,5.938457414177518,3.815236608979843,14.1771398870388
Man(b1-4)GlcNAc(b1-Sp0,0.7741562697543605,4.048406416521607,6.7118675021685785
Neu5Ac(a2-3)Gal(b1-4)GlcNAc(b1-3)Gal(b1-4)[Fuc(a1-3)]GlcNAc(b1-Sp0,4.1370100648495765,7.865136363036988,10.410712398094253
(3S)Gal(b1-4)[Fuc(a1-3)](6S)GlcNAc(b1-Sp8,8.250204749984489,7.95573799405184,1.7352054508520502
Fuc(a1-2)(6S)Gal(b1-4)GlcNAc(b1-Sp0,5.738873093793473,1.152979081553528,11.786499625136097
Fuc(a1-2)Gal(b1-4)(6S)GlcNAc(b1-Sp8,2.0870340635696385,3.092320840808732,5.653173825014875
Fuc(a1-2)(6S)Gal(b1-4)(6S)Glc(b1-Sp0,11.138429677883988,9.622975447853957,5.827235613550659
Neu5Ac(a2-3)Gal(b1-3)GalNAc(a1-Sp8,8.494887057126386,10.11014437829649,9.211219000219243
Neu5Ac(a2-3)Gal(b1-3)GalNAc(a1-Sp14,3.772256171046712,3.163800459363181,3.1055189253703364
GalNAc(b1-4)[Neu5Ac(a2-8)Neu5Ac(a2-8)Neu5Ac(a2-8)Neu5Ac(a2-3)]Gal(b1-4)Glc(b1-Sp0,8.785559329187116,10.760787965107395,8.43584798286455
GalNAc(b1-4)[Neu5Ac(a2-8)Neu5Ac(a2-8)Neu5Ac(a2-3)]Gal(b1-4)Glc(b1-Sp0,15.601469935554151,22.654135143721557,3.195264182479016
Neu5Ac(a2-8)Neu5Ac(a2-8)Neu5Ac(a2-3)Gal(b1-4)Glc(b1-Sp0,3.726668525193333,4.5400148181659805,10.68339119708719
GalNAc(b1-4)[Neu5Ac(a2-8)Neu5Ac(a2-3)]Gal(b1-4)Glc(b1-Sp0,1.1349779234270163,6.033533172404042,3.950258099057154
Neu5Ac(a2-8)Neu5Ac(a2-8)Neu5Ac(a1-Sp8,11.541926464091684,4.7350714808930485,7.131062526019533
Neu5Ac(a2-3)(6S)Gal(b1-4)[Fuc(a1-3)]GlcNAc(b1-Sp8,6.433990603751812,6.14529991755217,0.7242213951318083
GalNAc(b1-4)[Neu5Ac(a2-3)]Gal(b1-4)GlcNAc(b1-Sp0,4.0630656873843405,6.956005454761138,7.045975648730277
GalNAc(b1-4)[Neu5Ac(a2-3)]Gal(b1-4)GlcNAc(b1-Sp8,7.744226061772302,8.99796625391909,5.202466047622677
GalNAc(b1-4)[Neu5Ac(a2-3)]Gal(b1-4)Glc(b1-Sp0,3.817645660504218,2.1909000509684007,4.508820693189445
Neu5Ac(a2-3)Gal(b1-3)GalNAc(b1-4)[Neu5Ac(a2-3)]Gal(b1-4)Glc(b1-Sp0,5.882253298694308,4.328627998569525,4.841122286550237
Neu5Ac(a2-6)[Neu5Ac(a2-3)]GalNAc(a1-Sp8,9.704887258618717,11.307869550118625,9.901216131701533
Neu5Ac(a2-3)GalNAc(a1-Sp8,12.194853709933,3.500313501554772,7.034358741858901
Neu5Ac(a2-3)GalNAc(b1-4)GlcNAc(b1-Sp0,5.593567694161456,2.779576798723141,8.563993448298518
Neu5Ac(a2-3)Gal(b1-3)(6S)GlcNAc(a1-Sp8,3.646469019933297,14.798167762035048,12.245539557732856
Neu5Ac(a2-3)Gal(b1-3)[ Fuc(a1-4)]GlcNAc(b1-Sp8,6.2253585301705066,6.3296074775613125,12.424605567314133
Neu5Ac(a2-3)Gal(b1-3)[Fuc(a1-4)]GlcNAc(b1-3)Gal(b1-4)[Fuc(a1-3)]GlcNAc(b1-Sp0,3.532912921254452,5.742951500970559,12.697993178287394
Neu5Ac(a2-3)Gal(b1-4)[Neu5Ac(a2-3)Gal(b1-3)]GlcNAc(b1-Sp8,1.8673360336318707,10.46240032401742,5.786981785006772
Neu5Ac(a2-3)Gal(b1-3)(6S)GalNAc(a1-Sp8,6.583416312915863,8.011882487228991,7.3602592129965085
Neu5Ac(a2-6)[Neu5Ac(a2-3)Gal(b1-3)]GalNAc(a1-Sp8,6.977802320931718,12.570408365018757,9.255503986412627
Neu5Ac(a2-6)[Neu5Ac(a2-3)Gal(b1-3)]GalNAc(a1-Sp14,5.525871428335988,3.60228214920764,5.441137358126521
Neu5Ac(a2-3)Gal(b1-Sp8,3.199487716676946,4.024890264756708,3.7502006802969934
Neu5Ac(a2-3)Gal(b1-3)GalNAc(b1-3)Gal(a1-4)Gal(b1-4)Glc(b1-Sp0,11.35584439455443,1.1660555332687483,5.062742720107359
Neu5Ac(a2-3)Gal(b1-3)GlcNAc(b1-3)Gal(b1-4)GlcNAc(b1-Sp0,2.441184872829859,3.1877728917171413,15.053931892698332
Fuc(a1-2)(6S)Gal(b1-4)Glc(b1-Sp0,7.552010599612973,4.097237910674294,9.38653177163962
Neu5Ac(a2-3)Gal(b1-3)GlcNAc(b1-Sp0,7.148338361873572,6.242331996070592,4.9576882583182575
Neu5Ac(a2-3)Gal(b1-3)GlcNAc(b1-Sp8,4.01236903171514,12.881842663868651,5.350540706243312
Neu5Ac(a2-3)Gal(b1-4)(6S)GlcNAc(b1-Sp8,4.859450270692493,6.408271252776888,4.672188311701478
Neu5Ac(a2-3)Gal(b1-4)[Fuc(a1-3)](6S)GlcNAc(b1-Sp8,8.624235684395458,5.60817121788972,1.310891354193775
Neu5Ac(a2-3)Gal(b1-4)[Fuc(a1-3)]GlcNAc(b1-3)Gal(b1-4)[Fuc(a1-3)]GlcNAc(b1-3)Gal(b1-4)[Fuc(a1-3)]GlcNAc(b1-Sp0,6.6227239785957135,11.827455333248992,4.4686106886443655
Neu5Ac(a2-3)Gal(b1-4)[Fuc(a1-3)]GlcNAc(b1-Sp0,0.9761520522780612,6.056221465223451,6.32292573866455
Neu5Ac(a2-3)Gal(b1-4)[Fuc(a1-3)]GlcNAc(b1-Sp8,3.63961964530636,7.417817206508037,3.350962577628513
Neu5Ac(a2-3)Gal(b1-4)[Fuc(a1-3)]GlcNAc(b1-3)Gal(b1-Sp8,4.345135165810919,9.465616586845602,4.06397696310728
Neu5Ac(a2-3)Gal(b1-4)[Fuc(a1-3)]GlcNAc(b1-3)Gal(b1-4)GlcNAc(b1-Sp8,3.2680763011288465,19.21408180950888,1.2491647406033592
Neu5Ac(a2-3)Gal(b1-4)GlcNAc(b1-3)Gal(b1-4)GlcNAc(b1-3)Gal(b1-4)GlcNAc(b1-Sp0,10.595834786367707,9.702369322447305,10.770064198663508
Neu5Ac(a2-3)Gal(b1-4)GlcNAc(b1-Sp0,2.5652410768775744,6.173659901279524,4.658994326747638
Neu5Ac(a2-3)Gal(b1-4)GlcNAc(b1-Sp8,6.127193129538733,13.886928539337505,7.557690699766251
Neu5Ac(a2-3)Gal(b1-4)GlcNAc(b1-3)Gal(b1-4)GlcNAc(b1-Sp0,2.687433741818884,10.128367007033587,2.5596969526033093
Fuc(a1-2)Gal(b1-4)(6S)Glc(b1-Sp0,10.36793722568927,7.225337380531098,6.298531859621471
Neu5Ac(a2-3)Gal(b1-4)Glc(b1-Sp0,6.95642733083346,3.8423968934334334,15.039213998300133
Neu5Ac(a2-3)Gal(b1-4)Glc(b1-Sp8,4.838190575945373,4.68288052662746,6.623385683256459
Neu5Ac(a2-6)GalNAc(a1-Sp8,5.543261388388611,11.434282652036671,1.3533592230692708
Neu5Ac(a2-6)GalNAc(b1-4)GlcNAc(b1-Sp0,6.603029550643147,5.714372689397617,29.32773170379875
Neu5Ac(a2-6)Gal(b1-4)(6S)GlcNAc(b1-Sp8,7.507409368528311,7.964595451538432,5.853910598622647
Neu5Ac(a2-6)Gal(b1-4)GlcNAc(b1-Sp0,3.9781641754289936,10.671577423659851,10.9101407731141
Neu5Ac(a2-6)Gal(b1-4)GlcNAc(b1-Sp8,3.2292579266244217,2.6619619623816324,4.9096352847402684
Neu5Ac(a2-6)Gal(b1-4)GlcNAc(b1-3)Gal(b1-4)[Fuc(a1-3)]GlcNAc(b1-3)Gal(b1-4)[Fuc(a1-3)]GlcNAc(b1-Sp0,6.095434359351814,3.1891125526286035,4.665355075000543
Neu5Ac(a2-6)Gal(b1-4)GlcNAc(b1-3)Gal(b1-4)GlcNAc(b1-Sp0,4.8435501947607245,14.163485822117849,10.904783730394044
Neu5Ac(a2-6)Gal(b1-4)Glc(b1-Sp0,3.869952156896341,9.705852142736703,3.5624824316525876
Neu5Ac(a2-6)Gal(b1-4)Glc(b1-Sp8,15.628752065877393,3.4852959399693417,14.797986045968097
Neu5Ac(a2-6)Gal(b1-Sp8,12.069530327889042,3.2247920222344044,4.1627371267792865
Neu5Ac(a2-8)Neu5Ac(a1-Sp8,8.304966430345559,4.617256363090531,3.2394696956703704
Neu5Ac(a2-8)Neu5Ac(a2-3)Gal(b1-4)Glc(b1-Sp0,3.2082290805570284,3.0270671768781967,6.3959485225674975
Gal(b1-3)[Fuc(a1-4)]GlcNAc(b1-3)Gal(b1-3)[Fuc(a1-4)]GlcNAc(b1-Sp0,9.416139904617683,5.198584348567083,12.408954360460832
Neu5Ac(b2-6)GalNAc(a1-Sp8,5.89989401740969,10.813439690342145,4.201109772032464
Neu5Ac(b2-6)Gal(b1-4)GlcNAc(b1-Sp8,5.814205833058088,2.2022769692222406,8.478651774112826
Neu5Gc(a2-3)Gal(b1-3)[Fuc(a1-4)]GlcNAc(b1-Sp0,10.082400395573792,15.770572824409394,6.282129756433452
Neu5Gc(a2-3)Gal(b1-3)GlcNAc(b1-Sp0,4.230687478806892,14.668994834315214,8.3919818594398
Neu5Gc(a2-3)Gal(b1-4)[Fuc(a1-3)]GlcNAc(b1-Sp0,11.69703743047786,11.254207415414317,3.9028511689105607
Neu5Gc(a2-3)Gal(b1-4)GlcNAc(b1-Sp0,5.788069718178936,1.7160504176257003,1.0916194311663667
Neu5Gc(a2-3)Gal(b1-4)Glc(b1-Sp0,5.054240402539893,6.20057549237703,6.8495907490277625
Neu5Gc(a2-6)GalNAc(a1-Sp0,4.4499984804304535,7.364083667990641,5.24667035556838
Neu5Gc(a2-6)Gal(b1-4)GlcNAc(b1-Sp0,7.335974962925287,8.835342843895,2.350219414402269
Neu5Gc(a1-Sp8,26.67281673156837,8.873969936655564,9.456711771144343
Neu5Ac(a2-3)Gal(b1-4)GlcNAc(b1-6)[Gal(b1-3)]GalNAc(a1-Sp14,10.457422667934653,11.303328013023426,2.91634028078571
Gal(b1-3)GlcNAc(b1-3)Gal(b1-3)GlcNAc(b1-Sp0,8.053369120798646,6.291568757472173,5.582358990606028
Gal(b1-4)[Fuc(a1-3)](6S)GlcNAc(b1-Sp0 ,3.610545935635408,3.5071260318576165,2.8418277422579066
Gal(b1-4)[Fuc(a1-3)](6S)Glc(b1-Sp0,8.068208211399853,5.805143686134447,58.80568555701064
Gal(b1-4)[Fuc(a1-3)]GlcNAc(b1-3)Gal(b1-3)[Fuc(a1-4)]GlcNAc(b1-Sp0,7.895265091812937,4.010500693076445,4.413787345258793
Gal(b1-4)GlcNAc(b1-3)Gal(b1-3)GlcNAc(b1-Sp0,1.0673267790762693,10.93319302140657,5.112649063189585
Neu5Ac(a2-3)Gal(b1-3)GlcNAc(b1-3)Gal(b1-3)GlcNAc(b1-Sp0,5.630330139151107,4.119645045389226,7.920206474739152
Neu5Ac(a2-3)Gal(b1-4)GlcNAc(b1-3)Gal(b1-3)GlcNAc(b1-Sp0,2.198535861848368,7.418065001063281,4.689445582724395
4S(3S)Gal(b1-4)GlcNAc(b1-Sp0,6.8049361483656385,13.040825480007017,6.071056547806712
(6S)Gal(b1-4)(6S)GlcNAc(b1-Sp0,13.987830399404332,1.8316959700416071,7.652004450414715
(6P)Glc(b1-Sp10,4.3535999198938775,7.492510469517763,7.308919186172467
Neu5Ac(a2-3)Gal(b1-4)[Fuc(a1-3)]GlcNAc(b1-6)[Gal(b1-3)]GalNAc(a1-Sp14,18.347021080273503,4.8562739372211645,27.171139666611385
Gal(b1-3)Gal(b1-4)GlcNAc(b1-Sp8,4.568269428988767,1.6957763610413596,4.278717844849472
Neu5Ac(a2-6)Gal(b1-4)GlcNAc(b1-2)Man(a1-6)[Gal(b1-4)GlcNAc(b1-2)Man(a1-3)]Man(b1-4)GlcNAc(b1-4)GlcNAc(b1-Sp12,3.732832626281726,14.391076508349428,34.13016583752072
Gal(b1-4)GlcNAc(b1-6)[Gal(b1-4)GlcNAc(b1-3)]Gal(b1-4)GlcNAc(a1-Sp0,11.6171165290345,6.242460029173559,56.73049421856144
GlcNAc(b1-6)[Gal(b1-4)GlcNAc(b1-3)]Gal(b1-4)GlcNAc(a1-Sp0,5.367809460338549,42.72906024787659,15.972919728169384
Gal(b1-4)GlcNAc(a1-6)Gal(b1-4)GlcNAc(b1-Sp0,19.64374409871584,6.857203755844402,7.300215568221255
Gal(b1-4)GlcNAc(b1-6)Gal(b1-4)GlcNAc(b1-Sp0,9.332661979128284,7.4111503513287325,10.632534323598492
GalNAc(b1-3)Gal(b1-Sp8,5.690064705182768,7.461233312875745,24.98891735483285
GlcA(b1-3)GlcNAc(b1-Sp8,2.3383354825958254,4.602681345603528,7.432911607394064
Neu5Ac(a2-6)Gal(b1-4)GlcNAc(b1-2)Man(a1-6)[GlcNAc(b1-2)Man(a1-3)]Man(b1-4)GlcNAc(b1-4)GlcNAc(b1-Sp12,1.1071817465980949,11.310067810436275,10.690717669236847
GlcNAc(b1-3)Ma(n1-Sp10,4.829910501845072,6.20215995191729,5.2243598619033405
GlcNAc(b1-4)GlcNAc(b1-Sp10,4.9845436039822175,4.172767566316153,42.85461709975589
GlcNAc(b1-4)GlcNAc(b1-Sp12,9.213864310193998,6.438522303034036,18.968208435761174
MurNAc(b1-4)GlcNAc(b1-Sp10,3.607182655365075,1.5669568873031137,15.05742721605078
Man(a1-6)Man(b1-Sp10,8.102659776219571,13.133333973519425,7.752159457209327
Man(a1-6)[Man(a1-3)]Man(a1-6)[Man(a1-3)]Man(b1-Sp10,9.244227599606864,2.9592195304111333,8.392387316292465
Man(a1-2)Man(a1-6)[Man(a1-3)]Man(a1-6)[Man(a1-2)Man(a1-2)Man(a1-3)]Man(a1-Sp9,11.884867006232481,12.233031306637232,4.841377381489656
Man(a1-2)Man(a1-6)[Man(a1-2)Man(a1-3)]Man(a1-6)[Man(a1-2)Man(a1-2)Man(a1-3)]Man(a1-Sp9,3.627613958697,8.986883599400109,2.60080539577006
Neu5Ac(a2-3)Gal(b1-4)GlcNAc(b1-6)[Neu5Ac(a2-3)Gal(b1-3)]GalNAc(a1-Sp14,3.4325878890180404,3.1441287000534905,3.5522528978100625
Neu5Ac(a2-6)Gal(b1-4)GlcNAc(b1-2)Man(a1-6)[Neu5Ac(a2-3)Gal(b1-4)GlcNAc(b1-2)Man(a1-3)]Man(b1-4)GlcNAc(b1-4)GlcNAc(b1-Sp12,15.20043382240016,2.5243576864554416,4.4798912229167644
Gal(b1-4)GlcNAc(b1-2)Man(a1-6)[Neu5Ac(a2-6)Gal(b1-4)GlcNAc(b1-2)Man(a1-3)]Man(b1-4)GlcNAc(b1-4)GlcNAc(b1-Sp12,5.620838397946818,5.122018327443454,11.730990623273597
GlcNAc(b1-2)Man(a1-6)[Neu5Ac(a2-6)Gal(b1-4)GlcNAc(b1-2)Man(a1-3)]Man(b1-4)GlcNAc(b1-4)GlcNAc(b1-Sp12,2.82738035334831,2.2227832785346657,8.197220393676139
Neu5Ac(a2-8)Neu5Ac(b1-Sp17,5.04315420446371,2.5297335485514405,7.814905242334462
Neu5Ac(a2-8)Neu5Ac(a2-8)Neu5Ac(b1-Sp8,2.632140665409052,8.6414917917375,5.861030644576662
Neu5Gc(b2-6)Gal(b1-4)GlcNAc(a1-Sp8,4.279478716210655,10.268407809189952,15.385889517671707
Gal(b1-3)GlcNAc(b1-2)Man(a1-6)[Gal(b1-3)GlcNAc(b1-2)Man(a1-3)]Man(b1-4)GlcNAc(b1-4)GlcNAc(b1-Sp19,6.781929874305682,12.74254697234816,61.283397093632594
Neu5Ac(a2-3)Gal(b1-4)GlcNAc(b1-2)Man(a1-6)[Neu5Ac(a2-3)Gal(b1-4)GlcNAc(b1-2)Man(a1-3)]Man(b1-4)GlcNAc(b1-4)GlcNAc(b1-Sp12,7.4849702490502015,5.114141725565169,4.413059858344703
Neu5Ac(a2-3)Gal(b1-4)GlcNAc(b1-2)Man(a1-6)[Neu5Ac(a2-6)Gal(b1-4)GlcNAc(b1-2)Man(a1-3)]Man(b1-4)GlcNAc(b1-4)GlcNAc(b1-Sp12,1.7001047663796107,8.414827355923594,8.875265267397168
Gal(b1-4)[Fuc(a1-3)]GlcNAc(b1-2)Man(a1-6)[Gal(b1-4)[Fuc(a1-3)]GlcNAc(b1-2)Man(a1-3)]Man(b1-4)GlcNAc(b1-4)GlcNAc(b1-Sp20,6.29900988648216,7.476365922246813,1.1626366098943732
"Neu5,9Ac2(a2-3)Gal(b1-4)GlcNAc(b1-Sp0",11.531008808534489,11.47951301184708,12.459450980246556
"Neu5,9Ac2(a2-3)Gal(b1-4)GlcNAc(b1-Sp0",8.113282739382786,3.647980349453652,1.020626092161085
Neu5Ac(a2-6)Gal(b1-4)GlcNAc(b1-3)Gal(b1-3)GlcNAc(b1-Sp0,6.747610769499575,12.957612443913591,21.692999832568887
Neu5Ac(a2-3)Gal(b1-3)[Fuc(a1-4)]GlcNAc(b1-3)Gal(b1-3)[Fuc(a1-4)]GlcNAc(b1-Sp0,3.7892597522471343,4.1366851217692,10.1640418998792
Neu5Ac(a2-6)Gal(b1-4)GlcNAc(b1-3)Gal(b1-4)GlcNAc(b1-3)Gal(b1-4)GlcNAc(b1-Sp0,6.038413600165746,3.4782312385991125,8.42387523115104
Gal(a1-4)Gal(b1-4)GlcNAc(b1-3)Gal(b1-4)Glc(b1-Sp0,9.010983289436286,18.06011159736192,2.3496764557415943
GalNAc(b1-3)Gal(a1-4)Gal(b1-4)GlcNAc(b1-3)Gal(b1-4)Glc(b1-Sp0,11.838120430590605,4.532422893993899,15.206205514060173
GalNAc(a1-3)[Fuc(a1-2)]Gal(b1-4)GlcNAc(b1-3)Gal(b1-4)GlcNAc(b1-Sp0,4.488641793831773,20.732713040245482,89.72338310924219
GalNAc(a1-3)[Fuc(a1-2)]Gal(b1-4)GlcNAc(b1-3)Gal(b1-4)GlcNAc(b1-3)Gal(b1-4)GlcNAc(b1-Sp0,15.020991752960274,31.89514825365308,90.0571319125136
Neu5Ac(a2-3)Gal(b1-4)[Fuc(a1-3)]GlcNAc(b1-6)[Neu5Ac(a2-3)Gal(b1-3)]GalNAc(a1-Sp14,15.270239066099556,23.86052316225831,24.400882537096205
GlcNAc(a1-4)Gal(b1-4)GlcNAc(b1-3)Gal(b1-4)GlcNAc(b1-3)Gal(b1-4)GlcNAc(b1-Sp0,4.851572003227408,1.804111002451529,14.905947246317586
GlcNAc(a1-4)Gal(b1-4)GlcNAc(b1-Sp0,8.712920654407455,1.2268103829986647,15.807477814708585
GlcNAc(a1-4)Gal(b1-3)GlcNAc(b1-Sp0,3.538857846820076,6.879955021836988,7.141661014719657
GlcNAc(a1-4)Gal(b1-4)GlcNAc(b1-3)Gal(b1-4)Glc(b1-Sp0,5.3040715439493615,5.301991329286885,12.228365994549895
GlcNAc(a1-4)Gal(b1-4)GlcNAc(b1-3)Gal(b1-4)[Fuc(a1-3)]GlcNAc(b1-3)Gal(b1-4)[Fuc(a1-3)]GlcNAc(b1-Sp0,7.1172801183692025,13.312960481769883,18.779463396198725
GlcNAc(a1-4)Gal(b1-4)GlcNAc(b1-3)Gal(b1-4)GlcNAc(b1-Sp0,2.618158031103797,10.972455946102798,13.185319495149644
GlcNAc(a1-4)Gal(b1-3)GalNAc(a1-Sp14,7.428789369742553,11.606370706929305,16.575498091133394
Neu5Ac(a2-6)Gal(b1-4)GlcNAc(b1-2)Man(a1-6)[Man(a1-3)]Man(b1-4)GlcNAc(b1-4)GlcNAc(a1-Sp12,3.395262522005236,7.374759446020365,10.517136141396414
Man(a1-6)[Neu5Ac(a2-6)Gal(b1-4)GlcNAc(b1-2)Man(a1-3)]Man(b1-4)GlcNAc(b1-4)GlcNAc(a1-Sp12,2.967209639122251,5.678519890781403,15.736802620396988
Neu5Ac(a2-6)Gal(b1-4)GlcNAc(b1-2)Man(a1-6)Man(b1-4)GlcNAc(b1-4)GlcNAc(a1-Sp12,3.746464014129412,3.467892463730674,3.0760836002672813
Neu5Ac(a2-6)Gal(b1-4)GlcNAc(b1-2)Man(a1-3)Man(b1-4)GlcNAc(b1-4)GlcNAc(a1-Sp12,2.9714808545852485,25.09250008752613,2.0675896997873244
Gal(b1-4)GlcNAc(b1-2)Man(a1-3)Man(b1-4)GlcNAc(b1-4)GlcNAc(a1-Sp12,10.10935052414348,12.623474334317265,23.362165105215286
Gal(b1-4)GlcNAc(b1-2)Man(a1-6)Man(b1-4)GlcNAc(b1-4)GlcNAc(a1-Sp12,3.3609398888802944,4.475728958877349,12.953365002448852
Man(a1-6)[Gal(b1-4)GlcNAc(b1-2)Man(a1-3)]Man(b1-4)GlcNAc(b1-4)GlcNAc(b1-Sp12,10.490199508271196,6.1467070124308565,18.002441523860046
GlcNAc(b1-2)Man(a1-6)[GlcNAc(b1-2)Man(a1-3)]Man(b1-4)GlcNAc(b1-4)[Fuc(a1-6)]GlcNAc(b1-Sp22,8.577063873688534,6.986036100858643,8.196738854111448
Gal(b1-4)GlcNAc(b1-2)Man(a1-6)[Gal(b1-4)GlcNAc(b1-2)Man(a1-3)]Man(b1-4)GlcNAc(b1-4)[Fuc(a1-6)]GlcNAc(b1-Sp22,7.867682008645662,6.121449979307735,8.533612803887149
Gal(b1-3)GlcNAc(b1-2)Man(a1-6)[Gal(b1-3)GlcNAc(b1-2)Man(a1-3)]Man(b1-4)GlcNAc(b1-4)[Fuc(a1-6)]GlcNAc(b1-Sp22,3.180365931775788,12.009615720295413,15.025951308985395
(6S)GlcNAc(b1-3)Gal(b1-4)GlcNAc(b1-Sp0,9.426601271004312,3.747051672426364,24.435476965043396
KDN(a2-3)Gal(b1-4)[Fuc(a1-3)]GlcNAc(a1-Sp0,2.7767468171705354,14.371132224126713,6.4610757021696195
KDN(a2-6)Gal(b1-4)GlcNAc(a1-Sp0,6.318326556138112,9.943731661495766,6.286548019050933
KDN(a2-3)Gal(b1-4)Glc(a1-Sp0,10.7815458416608,5.1766294613387185,20.31361730159928
KDN(a2-3)Gal(b1-3)GalNAc(a1-Sp14,17.914040745087824,5.326665118924471,5.682026482690835
Fuc(a1-2)Gal(b1-3)GlcNAc(b1-2)Man(a1-6)[Fuc(a1-2)Gal(b1-3)GlcNAc(b1-2)Man(a1-3)]Man(b1-4)GlcNAc(b1-4)GlcNAc(b1-Sp20,11.725637073523982,21.70246914869364,13.533545888642811
Fuc(a1-2)Gal(b1-4)GlcNAc(b1-2)Man(a1-6)[Fuc(a1-2)Gal(b1-4)GlcNAc(b1-2)Man(a1-3)]Man(b1-4)GlcNAc(b1-4)GlcNAc(b1-Sp20,8.771288243420482,11.742155595687427,40.31052846304538
Fuc(a1-2)Gal(b1-4)[Fuc(a1-3)]GlcNAc(b1-2)Man(a1-6)[Fuc(a1-2)Gal(b1-4)[Fuc(a1-3)]GlcNAc(b1-2)Man(a1-3)]Man(b1-4)GlcNAc(b1-4)GlcNA(b1-Sp20,12.242096626667626,20.606627415368933,22.58241899227141
Gal(a1-3)Gal(b1-4)GlcNAc(b1-2)Man(a1-6)[Gal(a1-3)Gal(b1-4)GlcNAc(b1-2)Man(a1-3)]Man(b1-4)GlcNAc(b1-4)GlcNAc(b1-Sp20,21.491178192051287,4.0688620533469395,25.07336392567153
Gal(b1-4)GlcNAc(b1-2)Man(a1-6)[Man(a1-3)]Man(b1-4)GlcNAc(b1-4)GlcNAc(b1-Sp12,3.928765008986075,1.860534461743008,2.8994855434484745
Fuc(a1-4)[Gal(b1-3)]GlcNAc(b1-2)Man(a1-6)[Fuc(a1-4)[Gal(b1-3)]GlcNAc(b1-2)Man(a1-3)]Man(b1-4)GlcNAc(b1-4)[Fuc(a1-6)]GlcNAc(b1-Sp22,17.218511556340545,22.830578902136196,20.9897448212812
Neu5Ac(a2-6)GlcNAc(b1-4)GlcNAc(a1-Sp21,5.548027750095823,7.622734527440486,11.662551421680224
Neu5Ac(a2-6)GlcNAc(b1-4)GlcNAc(b1-4)GlcNAc(a1-Sp21,4.5865688857067575,2.7824385641615392,31.36622098888068
Gal(b1-4)[Fuc(a1-3)]GlcNAc(b1-6)[Fuc(a1-2)Gal(b1-4)GlcNAc(b1-3)]Gal(b1-4)Glc(a1-Sp21,5.163844571231142,3.5394817025236867,5.623164005181311
Gal(b1-4)GlcNAc(b1-2)Man(a1-6)[Gal(b1-4)GlcNAc(b1-4)[Gal(b1-4)GlcNAc(b1-2)]Man(a1-3)]Man(b1-4)GlcNAc(b1-4)GlcNAc(a1-Sp21,15.07802134897022,21.600635272293896,26.47953329246221
GalNAc(a1-3)[Fuc(a1-2)]Gal(b1-4)GlcNAc(b1-2)Man(a1-6)[GalNAc(a1-3)[Fuc(a1-2)]Gal(b1-4)GlcNAc(b1-2)Man(a1-3)]Man(b1-4)GlcNAc(b1-4)GlcNAc(b1-Sp20,8.493254679400982,15.256623663401484,40.57916818479242
Gal(a1-3)[Fuc(a1-2)]Gal(b1-4)GlcNAc(b1-2)Man(a1-6)[Gal(a1-3)[Fuc(a1-2)]Gal(b1-4)GlcNAc(b1-2)Man(a1-3)]Man(b1-4)GlcNAc(b1-4)GlcNAc(b1-Sp20,4.252868835170443,192.4813313863008,218.95135721937507
Gal(a1-3)Gal(b1-4)[Fuc(a1-3)]GlcNAc(b1-2)Man(a1-6)[Gal(a1-3)Gal(b1-4)[Fuc(a1-3)]GlcNAc(b1-2)Man(a1-3)]Man(b1-4)GlcNAc(b1-4)GlcNAc(b1-Sp20,22.00732527218679,16.98503099143477,18.53793883283684
GalNAc(a1-3)[Fuc(a1-2)]Gal(b1-3)GlcNAc(b1-2)Man(a1-6)[GalNAc(a1-3)[Fuc(a1-2)]Gal(b1-3)GlcNAc(b1-2)Man(a1-3)]Man(b1-4)GlcNAc(b1-4)GlcNAc(b1-Sp20,14.766622541055215,8.48342921715632,25.652967317180646
Gal(a1-3)[Fuc(a1-2)]Gal(b1-3)GlcNAc(b1-2)Man(a1-6)[Gal(a1-3)[Fuc(a1-2)]Gal(b1-3)GlcNAc(b1-2)Man(a1-3)]Man(b1-4)GlcNAc(b1-4)GlcNAc(b1-Sp20,35.717411193177306,82.61289211169341,766.9703307440469
Fuc(a1-4)[Fuc(a1-2)Gal(b1-3)]GlcNAc(b1-2)Man(a1-3)[Fuc(a1-4)[Fuc(a1-2)Gal(b1-3)]GlcNAc(b1-2)Man(a1-3)]Man(b1-4)GlcNAc(b1-4)GlcNAc(b1-Sp19,6.368734870901219,15.149535201753448,21.84353740529829
Neu5Ac(a2-3)Gal(b1-4)GlcNAc(b1-3)GalNAc(a1-Sp14,6.906936194085382,9.613261281644572,16.935117878809308
Neu5Ac(a2-6)Gal(b1-4)GlcNAc(b1-3)GalNAc(a1-Sp14,13.884235213933575,3.0532293148675667,15.700209056224894
Neu5Ac(a2-3)Gal(b1-4)[Fuc(a1-3)]GlcNAc(b1-3)GalNAc(a1-Sp14,7.897122389147007,13.737736947789712,15.926180934209142
GalNAc(b1-4)GlcNAc(b1-2)Man(a1-6)[GalNAc(b1-4)GlcNAc(b1-2)Man(a1-3)]Man(b1-4)GlcNAc(b1-4)GlcNAc(a1-Sp12,31.83845373428165,9.271596481143492,29.154368466195887
Gal(b1-3)GalNAc(a1-3)[Fuc(a1-2)]Gal(b1-4)Glc(a1-Sp0,5.842426540973093,7.574132364557233,6.583130693611258
Gal(b1-3)GalNAc(a1-3)[Fuc(a1-2)]Gal(b1-4)GlcNAc(a1-Sp0,2.630954492194804,9.651219444669502,4.684221456834278
Gal(b1-3)GlcNac(b1-3)Gal(b1-4)GlcNac(b1-6)[Gal(b1-3)GlcNac(b1-3)]Gal(b1-4)Glc(b1-Sp0,8.583597003976053,8.622978046813799,37.7241322260579
Gal(b1-4)[Fuc(a1-3)]GlcNAc(b1-6)[Gal(b1-3)GlcNAc(b1-3)]Gal(b1-4)Glc(a1-Sp21,6.394798185504633,4.710629744436161,10.07812710390676
Gal(b1-4)GlcNAc(b1-6)[Fuc(a1-4)[Fuc(a1-2)Gal(b1-3)]GlcNAc(b1-3)]Gal(b1-4)Glc(a1-Sp21,10.074370387109397,3.7420583965691048,18.53061255760316
Gal(b1-4)[Fuc(a1-3)]GlcNAc(b1-6)[Fuc(a1-4)[Fuc(a1-2)Gal(b1-3)]GlcNAc(b1-3)]Gal(b1-4)Glc(a1-Sp21,14.620597742112546,8.631375100372669,9.928097913287989
Gal(b1-3)GlcNAc(b1-3)Gal(b1-4)[Fuc(a1-3)]GlcNAc(b1-6)[Gal(b1-3)GlcNAc(b1-3)]Gal(b1-4)Glc(a1-Sp21,4.239850373440868,11.807199006644213,31.190060691548855
Gal(b1-4)GlcNac(b1-6)[Gal(b1-4)GlcNac(b1-2)]Man(a1-6)[Gal(b1-4)GlcNac(b1-4)[Gal(b1-4)GlcNac(b1-2)]Man(a1-3)]Man(b1-4)GlcNac(b1-4)GlcNac(b1-Sp21,9.520529280936358,13.89096370234976,56.7937781482781
GlcNac(b1-2)Man(a1-6)[GlcNac(b1-4)[GlcNac(b1-2)]Man(a1-3)]Man(b1-4)GlcNac(b1-4)GlcNac(a1-Sp21,6.030722395092207,5.011106209461143,2.97207258926045
Fuc(a1-2)Gal(b1-3)GalNAc(a1-3)[Fuc(a1-2)]Gal(b1-4)Glc(b1-Sp0,4.168701222203385,2.516725341920854,5.5107467209535255
Fuc(a1-2)Gal(b1-3)GalNAc(a1-3)[Fuc(a1-2)]Gal(b1-4)GlcNAc(b1-Sp0,1.4143036033681018,10.402848925654931,8.510595765426764
Gal(b1-3)GlcNAc(b1-3)GalNAc(a1-Sp14,4.956068805346967,3.5903485451740385,12.968252116354506
GalNAc(b1-4)[Neu5Ac(a2-3)]Gal(b1-4)GlcNAc(b1-3)GalNAc(a1-Sp14,11.684846852512331,27.106129021926627,24.416833839655197
GalNAc(a1-3)[Fuc(a1-2)]Gal(b1-3)GalNAc(a1-3)[Fuc(a1-2)]Gal(b1-4)GlcNAc(b1-Sp0,3.2665501832973574,4.450507288220073,32.54553329018432
Gal(a1-3)Gal(b1-3)GlcNAc(b1-2)Man(a1-6)[Gal(a1-3)Gal(b1-3)GlcNAc(b1-2)Man(a1-3)]Man(b1-4)GlcNAc(b1-4)GlcNAc(a1-Sp19,17.730388690489377,10.321213280423963,13.635511557785444
Gal(a1-3)Gal(b1-3)[Fuc(a1-4)]GlcNAc(b1-2)Man(a1-6)[Gal(a1-3)Gal(b1-3)[Fuc(a1-4)]GlcNAc(b1-2)Man(a1-3)]Man(b1-4)GlcNAc(b1-4)GlcNAc(a1-Sp19,11.203890171535663,4.065678493908897,17.140171847324993
Neu5Ac(a2-3)Gal(b1-3)GlcNAc(b1-2)Man(a1-6)[Neu5Ac(a2-3)Gal(b1-3)GlcNAc(b1-2)Man(a1-3)]Man(b1-4)GlcNAc(b1-4)GlcNAc(a1-Sp19,15.220419966911775,28.43199889959668,8.241769229358468
GlcNAc(b1-2)Man(a1-6)[Gal(b1-4)GlcNAc(b1-2)Man(a1-3)]Man(b1-4)GlcNAc(b1-4)GlcNAc(a1-Sp12,1.6849714149405188,23.173537665406194,4.472514206703722
Gal(b1-4)GlcNAc(b1-2)Man(a1-6)[GlcNAc(b1-2)Man(a1-3)]Man(b1-4)GlcNAc(b1-4)GlcNAc(a1-Sp12,2.760575612681772,1.6335769076885631,6.6053443697130625
Neu5Ac(a2-3)Gal(b1-3)GlcNAc(b1-3)GalNAc(a1-Sp14,7.049725270474495,6.579799643352878,4.4975524198353325
Fuc(a1-2)Gal(b1-4)GlcNac(b1-3)GalNac(a1-Sp14,6.639643463821434,12.401242528976667,7.715866579274597
Gal(b1-4)[Fuc(a1-3)]GlcNac(b1-3)GalNac(a1-Sp14,5.2612318715930835,10.407594736377213,14.39417173867604
GalNac(a1-3)GalNac(b1-3)Gal(a1-4)Gal(b1-4)GlcNac(b1-Sp0,3.804841195547238,3.7406309365310735,2.021393302279394
Gal(a1-4)Gal(b1-3)GlcNac(b1-2)Man(a1-6)[Gal(a1-4)Gal(b1-3)GlcNac(b1-2)Man(a1-3)]Man(b1-4)GlcNac(b1-4)GlcNac(b1-Sp19,9.313651204012313,20.303041374200564,48.54732239505252
Gal(a1-4)Gal(b1-4)GlcNac(b1-2)Man(a1-6)[Gal(a1-4)Gal(b1-4)GlcNac(b1-2)Man(a1-3)]Man(b1-4)GlcNac(b1-4)GlcNac(b1-Sp24,17.845948651911637,8.006172244951596,12.507351439686715
Gal(a1-3)Gal(b1-4)GlcNac(b1-3)GalNac(a1-Sp14,5.677487681771456,3.965419628383192,10.043387744182732
Gal(b1-3)GlcNAc(b1-6)Gal(b1-4)GlcNAc(b1-Sp0,5.245317295137309,6.6385308301234875,23.08038039047813
Gal(b1-3)GlcNAc(a1-6)Gal(b1-4)GlcNAc(b1-Sp0,8.699920879525282,9.065916780401565,36.48086153816367
GalNAc(b1-3)Gal(a1-6)Gal(b1-4)Glc(b1-Sp8,6.9643877574892965,8.705759509083629,39.021744598396594
Gal(a1-3)[Fuc(a1-2)]Gal(b1-4)[Fuc(a1-3)]Glc(b1-Sp21,9.315196301876846,52.780439538043844,337.1436862380998
Gal(b1-4)GlcNAc(b1-6)[Neu5Ac(a2-6)Gal(b1-3)GlcNAc(b1-3)]Gal(b1-4)Glc(a1-Sp21,5.29504861734054,6.628058902373557,1.3340976260504132
Gal(b1-3)GalNAc(b1-4)[Neu5Ac(a2-8)Neu5Ac(a2-3)]Gal(b1-4)Glc(b1-Sp0,6.2139623211898085,6.712926288077853,6.395194564345433
Neu5Ac(a2-3)Gal(b1-3)GalNAc(b1-4)[Neu5Ac(a2-8)Neu5Ac(a2-3)]Gal(b1-4)Glc(b1-Sp0,18.450377332094508,7.152787898143862,2.609915891844034
Gal(a1-3)[Fuc(a1-2)]Gal(b1-4)GlcNAc(b1-3)GalNAc(a1-Sp14,7.8436528830109875,17.535826337410892,55.977651531154244
GalNAc(a1-3)[Fuc(a1-2)]Gal(b1-4)GlcNAc(b1-3)GalNAc(a1-Sp14,2.8797560782121776,26.35873240673761,8.693855483951477
GalNAc(a1-3)GalNAc(b1-3)Gal(a1-4)Gal(b1-4)Glc(b1-Sp0,8.217823577241525,3.4093753253589845,2.096805909790729
Fuc(a1-2)Gal(b1-4)[Fuc(a1-3)]GlcNAc(b1-3)GalNAc(a1-Sp14,26.314324636466218,31.66350231000721,23.12647930504477
Gal(a1-3)[Fuc(a1-2)]Gal(b1-4)[Fuc(a1-3)]GlcNAc(b1-3)GalNAc(a1-Sp14,6.547998376794242,8.008226589576486,9.154869157266347
GalNAc(a1-3)[Fuc(a1-2)]Gal(b1-4)[Fuc(a1-3)]GlcNAc(b1-3)GalNAc(a1-Sp14,26.749338926971607,18.724296524280067,26.375326625639463
Gal(b1-4)[Fuc(a1-3)]GlcNAc(b1-2)Man(a1-6)[Gal(b1-4)[Fuc(a1-3)]GlcNAc(b1-2)Man(a1-3)]Man(b1-4)GlcNAc(b1-4)[Fuc(a1-6)]GlcNAc(b1-Sp22,7.555828054058668,6.179789755053707,9.893773485505932
Fuc(a1-2)Gal(b1-4)GlcNAc(b1-2)Man(a1-6)[Fuc(a1-2)Gal(b1-4)GlcNAc(b1-2)Man(a1-3)]Man(b1-4)GlcNAc(b1-4)[Fuc(a1-6)]GlcNAc(b1-Sp22,11.860057481592007,23.0942784482795,26.65210911733816
GlcNAc(b1-2)[GlcNAc(b1-6)]Man(a1-6)[GlcNAc(b1-2)Man(a1-3)]Man(b1-4)GlcNAc(b1-4)GlcNAc(b1-Sp19,7.540474332726027,6.004598534734286,3.4050793288605323
Fuc(a1-2)Gal(b1-3)GlcNAc(b1-3)GalNAc(a1-Sp14,9.135115757157472,5.380162181570368,4.575040826411639
Gal(a1-3)[Fuc(a1-2)]Gal(b1-3)GlcNAc(b1-3)GalNAc(a1-Sp14,3.797432051070826,5.376192415563756,195.43382242339626
GalNAc(a1-3)[Fuc(a1-2)]Gal(b1-3)GlcNAc(b1-3)GalNAc(a1-Sp14,3.785413052318944,16.509394340697867,8.100537409538536
Gal(a1-3)Gal(b1-3)GlcNAc(b1-3)GalNAc(a1-Sp14,4.186343481189748,2.5485508828548062,5.877191531675657
Fuc(a1-2)Gal(b1-3)GlcNAc(b1-2)Man(a1-6)[Fuc(a1-2)Gal(b1-3)GlcNAc(b1-2)Man(a1-3)]Man(b1-4)GlcNAc(b1-4)[Fuc(a1-6)]GlcNAc(b1-Sp22,3.2185365773904104,4.117417237379116,5.99160551939128
Gal(a1-3)[Fuc(a1-2)]Gal(b1-4)GlcNAc(b1-2)Man(a1-6)[Gal(a1-3)[Fuc(a1-2)]Gal(b1-4)GlcNAc(b1-2)Man(a1-3)]Man(b1-4)GlcNAc(b1-4)[Fuc(a1-6)]GlcNAc(b1-Sp22,10.879431899805253,83.95339406555678,767.939624021947
Gal(b1-3)GlcNAc(b1-6)[Gal(b1-3)GlcNAc(b1-2)]Man(a1-6)[Gal(b1-3)GlcNAc(b1-2)Man(a1-3)]Man(b1-4)GlcNAc(b1-4)GlcNAc(b1-Sp19,3.1215950228475666,3.716880117674872,46.377810702281586
Gal(b1-4)GlcNAc(b1-6)[Fuc(a1-2)Gal(b1-3)GlcNAc(b1-3)]Gal(b1-4)Glc(a1-Sp21,7.8348757705531025,7.921776816262035,8.125888329078979
Fuc(a1-3)GlcNAc(b1-6)[Gal(b1-4)GlcNAc(b1-3)]Gal(b1-4)Glc(a1-Sp21,8.908235692651688,11.271416261943305,3.860661138004758
GlcNAc(b1-2)Man(a1-6)[GlcNAc(b1-4)][GlcNAc(b1-2)Man(a1-3)]Man(b1-4)GlcNac(b1-4)GlcNAc(a1-Sp21,6.4784461595740765,6.648037675635314,16.739716617374373
GlcNAc(b1-2)Man(a1-6)[GlcNAc(b1-4)][GlcNAc(b1-4)[GlcNAc(b1-2)]Man(a1-3)]Man(b1-4)GlcNAc(b1-4)GlcNAc(a1-Sp21,10.659484438869454,2.0974698112646726,8.209927652137582
GlcNAc(b1-6)[GlcNAc(b1-2)]Man(a1-6)[GlcNAc(b1-4)][GlcNAc(b1-2)Man(a1-3)]Man(b1-4)GlcNAc(b1-4)GlcNAc(a1-Sp21,2.774039606182037,8.07541417157659,5.315897044714092
GlcNAc(b1-6)[GlcNAc(b1-2)]Man(a1-6)[GlcNAc(b1-4)][GlcNAc(b1-4)[GlcNAc(b1-2)]Man(a1-3)]Man(b1-4)GlcNAc(b1-4)GlcNAc(a1-Sp21,12.140619475820285,5.125045565569807,8.943775714428444
Gal(b1-4)GlcNAc(b1-2)Man(a1-6)[GlcNAc(b1-4)][Gal(b1-4)GlcNAc(b1-2)Man(a1-3)]Man(b1-4)GlcNAc(b1-4)GlcNAc(a1-Sp21,4.632000855192059,2.430094332016763,4.467568718647013
Gal(b1-4)GlcNAc(b1-2)Man(a1-6)[GlcNAc(b1-4)][Gal(b1-4)GlcNAc(b1-4)[Gal(b1-4)GlcNAc(b1-2)]Man(a1-3)]Man(b1-4)GlcNAc(b1-4)GlcNAc(a1-Sp21,7.470657675811862,26.189998717958478,45.460668021151236
Gal(b1-4)GlcNAc(b1-6)[Gal(b1-4)GlcNAc(b1-2)]Man(a1-6)[GlcNAc(b1-4)][Gal(b1-4)GlcNAc(b1-2)Man(a1-3)]Man(b1-4)GlcNAc(b1-4)GlcNAc(a1-Sp21,11.714517328227112,17.65246483816071,17.628279160674392
Gal(b1-4)GlcNAc(b1-6)[Gal(b1-4)GlcNAc(b1-2)]Man(a1-6)[GlcNAc(b1-4)][Gal(b1-4)GlcNAc(b1-4)[Gal(b1-4)GlcNAc(b1-2)]Man(a1-3)]Man(b1-4)GlcNAc(b1-4)GlcNAc(a1-Sp21,6.885103066040482,35.19263904208756,250.30619008445785
Gal(b1-4)Gal(b1-Sp10,6.796907859399504,16.81811462788461,4.390069606889329
Gal(b1-6)Gal(b1-Sp10,10.091472150451262,4.59610655981415,9.721233191318886
Neu5Ac(a2-3)Gal(b1-4)GlcNAc(b1-3)Gal(b1-Sp8,2.3641909431840165,6.745674539041048,9.140858101722907
GalNAc(b1-6)GalNAc(b1-Sp8,8.972086604343131,11.202171713965411,5.840952399152611
(6S)Gal(b1-3)GlcNAc(b1-Sp0,8.626848268438867,6.84187876609927,6.205281076832862
(6S)Gal(b1-3)(6S)GlcNAc(a1-Sp0,17.712824986056486,8.547633302655571,14.139863234133491
Fuc(a1-2)Gal(b1-4) GlcNAc(b1-2)Man(a1-6)[Fuc(a1-2)Gal(b1-4)GlcNAc(b1-2)[Fuc(a1-2)Gal(b1-4)GlcNAc(b1-4)]Man(a1-3)]Man(b1-4)GlcNAc(b1-4)GlcNAc(b1-N,24.24191786121716,13.392404911864539,25.66826343033605
Fuc(a1-2)Gal(b1-4)[Fuc(a1-3)]GlcNAc(b1-2)Man(a1-6)[Fuc(a1-2)Gal(b1-4)[Fuc(a1-3)]GlcNAc(b1-4)[Fuc(a1-2)Gal(b1-4)[Fuc(a1-3)]GlcNAc(b1-2)]Man(a1-3)]Man(b1-4)GlcNAc(b1-4)GlcNAc(b1-N,4.589870486462637,12.552622624342911,21.567648989091676
Gal(b1-4)[Fuc(a1-3)]GlcNAc(b1-6)GalNAc(a1-Sp14,14.62866000114728,17.04082299675304,19.67722015258592
Gal(b1-4)GlcNAc(b1-2)Man(a1-Sp0,11.14344691466693,4.3929014742536605,14.536713776589947
Fuc(a1-2)Gal(b1-4)GlcNAc(b1-6)[Fuc(a1-2)Gal(b1-4)GlcNAc(b1-3)]GalNAc(a1-Sp14,5.842497955712121,19.785390288017236,57.597112261489066
Gal(a1-3)Fuc(a1-2)Gal(b1-4)GlcNAc(b1-6)[Gal(a1-3)Fuc(a1-2)Gal(b1-4)GlcNAc(b1-3)]GalNAc(a1-Sp14,17.728937062023093,198.98670780698362,389.4082737425605
GalNAc(a1-3)[Fuc(a1-2)]Gal(b1-4)GlcNAc(b1-6)[GalNAc(a1-3)[Fuc(a1-2)]Gal(b1-4)GlcNAc(b1-3)]GalNAc(a1-Sp14,10.940297575896487,58.723412028792545,117.6330624170288
Neu5Ac(a2-8)Neu5Ac(a2-3)Gal(b1-3)GalNAc(b1-4)[Neu5Ac(a2-8)Neu5Ac(a2-3)]Gal(b1-4)Glc(b1-Sp0,5.725770954421767,13.996152725272994,3.4185996805466017
GalNAc(b1-4)Gal(b1-4)Glc(b1-Sp0,14.42982469840388,5.908009417378521,2.8769327764131023
GalNAc(a1-3)[Fuc(a1-2)]Gal(b1-4)GlcNAc(b1-2)Man(a1-6)[GalNAc(a1-3)[Fuc(a1-2)]Gal(b1-4)GlcNAc(b1-2)Man(a1-3)]Man(b1-4)GlcNAc(b1-4)[Fuc(a1-6)]GlcNAc(b1-Sp22,2.0596181288449227,9.671463235855262,18.515798203876194
Gal(a1-3)[Fuc(a1-2)]Gal(b1-3)GlcNAc(b1-2)Man(a1-6)[Gal(a1-3)[Fuc(a1-2)]Gal(b1-3)GlcNAc(b1-2)Man(a1-3)]Man(b1-4)GlcNAc(b1-4)[Fuc(a1-6)]GlcNAc(b1-Sp22,9.141522389396274,76.53849566928172,166.6328472278476
Neu5Ac(a2-6)Gal(b1-4)GlcNAc(b1-6)[Fuc(a1-2)Gal(b1-3)GlcNAc(b1-3)]Gal(b1-4)Glc(a1-Sp21,8.960479573614727,11.376672004003039,4.354353994471135
GalNAc(a1-3)[Fuc(a1-2)]Gal(b1-3)GlcNAc(b1-2)Man(a1-6)[GalNAc(a1-3)[Fuc(a1-2)]Gal(b1-3)GlcNAc(b1-2)Man(a1-3)]Man(b1-4)GlcNAc(b1-4)[Fuc(a1-6)]GlcNAc(b1-Sp22,9.608829358286402,5.577262814544425,27.44729881275509
Gal(b1-4)GlcNAc(b1-6)[Gal(b1-4)GlcNAc(b1-2)]Man(a1-6)[Gal(b1-4)GlcNAc(b1-2)Man(a1-3)]Man(b1-4)GlcNAc(b1-4)GlcNAc(b1-Sp19,13.162806630046644,8.027771870772533,37.49569011904377
Neu5Ac(a2-3)Gal(b1-4)GlcNAc(b1-2)Man(a1-6)[GlcNAc(b1-4)][Neu5Ac(a2-3)Gal(b1-4)GlcNAc(b1-2)Man(a1-3)]Man(b1-4)GlcNAc(b1-4)GlcNAc(b1-Sp21,14.817337227355218,3.680762276123435,9.544721907027984
Neu5Ac(a2-3)Gal(b1-4)GlcNAc(b1-4)Man(a1-6)[GlcNAc(b1-4)][Neu5Ac(a2-3)Gal(b1-4)GlcNAc(b1-4)[Neu5Ac(a2-3)Gal(b1-4)GlcNAc(b1-2)]Man(a1-3)]Man(b1-4)GlcNAc(b1-4)GlcNAc(b1-Sp21,0.4465475142691961,3.344960145751617,13.085321283025491
Neu5Ac(a2-3)Gal(b1-4)GlcNAc(b1-6)[Neu5Ac(a2-3)Gal(b1-4)GlcNAc(b1-2)]Man(a1-6)[GlcNAc(b1-4)][Neu5Ac(a2-3)Gal(b1-4)GlcNAc(b1-2)Man(a1-3)]Man(b1-4)GlcNAc(b1-4)GlcNAc(b1-Sp21,5.259273947989404,8.877963243287653,17.226834307459587
Neu5Ac(a2-3)Gal(b1-4)GlcNAc(b1-6)[Neu5Ac(a2-3)Gal(b1-4)GlcNAc(b1-2)]Man(a1-6)[GlcNAc(b1-4)][Neu5Ac(a2-3)Gal(b1-4)GlcNAc(b1-4)[Neu5Ac(a2-3)Gal(b1-4)GlcNAc(b1-2)]Man(a1-3)]Man(b1-4)GlcNAc(b1-4)GlcNAc(b1-Sp21,6.486384975983674,6.797400023231924,6.570559529192827
Neu5Ac(a2-6)Gal(b1-4)GlcNAc(b1-2)Man(a1-6)[GlcNAc(b1-4)][Neu5Ac(a2-6)Gal(b1-4)GlcNAc(b1-2)Man(a1-3)]Man(b1-4)GlcNAc(b1-4)GlcNAc(b1-Sp21,7.1719870377160255,3.4424765110551805,6.580137884763511
Neu5Ac(a2-6)Gal(b1-4)GlcNAc(b1-4)Man(a1-6)[GlcNAc(b1-4)][Neu5Ac(a2-6)Gal(b1-4)GlcNAc(b1-4)[Neu5Ac(a2-6)Gal(b1-4)GlcNAc(b1-2)]Man(a1-3)]Man(b1-4)GlcNAc(b1-4)GlcNAc(b1-Sp21,4.662009294553156,3.594531877727611,2.225191759526963
Neu5Ac(a2-6)Gal(b1-4)GlcNAc(b1-6)[Neu5Ac(a2-6)Gal(b1-4)GlcNAc(b1-2)]Man(a1-6)[GlcNAc(b1-4)][Neu5Ac(a2-6)Gal(b1-4)GlcNAc(b1-2)Man(a1-3)]Man(b1-4)GlcNAc(b1-4)GlcNAc(b1-Sp21,2.5577448015781403,5.87464574165966,2.6545240288985847
Neu5Ac(a2-6)Gal(b1-4)GlcNAc(b1-6)[Neu5Ac(a2-6)Gal(b1-4)GlcNAc(b1-2)]Man(a1-6)[GlcNAc(b1-4)][Neu5Ac(a2-6)Gal(b1-4)GlcNAc(b1-4)[Neu5Ac(a2-6)Gal(b1-4)GlcNAc(b1-2)]Man(a1-3)]Man(b1-4)GlcNAc(b1-4)GlcNAc(b1-Sp21,10.624818818376776,3.904154961490813,11.568435615177195
Gal(a1-3)[Fuc(a1-2)]Gal(b1-3)GalNAc(a1-Sp8,7.894589932563464,44.27697291063962,208.29893879748798
Gal(a1-3)[Fuc(a1-2)]Gal(b1-3)GalNAc(b1-Sp8,13.221342135350914,103.82648875006115,268.25586450288716
Glc(a1-6)Glc(a1-6)Glc(a1-6)Glc(b1-Sp10,33.205418794377536,9.3706900973194,4.014827434232598
Glc(a1-4)Glc(a1-4)Glc(a1-4)Glc(b1-Sp10,5.620104959873972,10.597164300376141,10.698589077498342
Neu5Ac(a2-3)Gal(b1-4)GlcNAc(b1-6)[Neu5Ac(a2-3)Gal(b1-4)GlcNAc(b1-3)]GalNAc(a1-Sp14,4.407034030955512,6.869194740287978,12.035285486816118
Fuc(a1-2)Gal(b1-4)[Fuc(a1-3)]GlcNAc(b1-2)Man(a1-6)[Fuc(a1-2)Gal(b1-4)[Fuc(a1-3)]GlcNAc(b1-2)Man(a1-3)]Man(b1-4)GlcNAc(b1-4)[Fuc(a1-6)]GlcNAc(b1-Sp24,19.782809980447677,11.462436212981364,42.4363612726162
Fuc(a1-2)Gal(b1-3)[Fuc(a1-4)]GlcNAc(b1-2)Man(a1-6)[Fuc(a1-2)Gal(b1-3)[Fuc(a1-4)]GlcNAc(b1-2)Man(a1-3)]Man(b1-4)GlcNAc(b1-4)[Fuc(a1-6)]GlcNA(cb-S)p(1-4)[Fuc(a1-6)]GlcNAc(b1-Sp19,10.996258093400073,11.803892759135294,8.490251112305215
Neu5Ac(a2-3)Gal(b1-3)GlcNAc(b1-6)[Neu5Ac(a2-3)Gal(b1-4)GlcNAc(b1-2)]Man(a1-6)[Neu5Ac(a2-3)Gal(b1-3)GlcNAc(b1-2)Man(a1-3)]Man(b1-4)GlcNAc(b1-4)GlcNAc(b1-Sp19,2.472672646314749,1.9249532314664919,9.378377950193023
GlcNAc(b1-6)[GlcNAc(b1-2)]Man(a1-6)[GlcNAc(b1-2)Man(a1-3)]Man(b1-4)GlcNAc(b1-4)[Fuc(a1-6)]GlcNAc(b1-Sp24,15.213852379848886,3.75751447313691,6.8388266295590965
Gal(b1-3)GlcNAc(b1-2)Man(a1-6)[GlcNAc(b1-4)][Gal(b1-3)GlcNAc(b1-2)Man(a1-3)]Man(b1-4)GlcNAc(b1-4)GlcNAc(b1-Sp21,11.02618932073392,5.045421389074777,26.994446910969696
Neu5Ac(a2-6)Gal(b1-4)GlcNAc(b1-6)[Gal(b1-3)GlcNAc(b1-3)]Gal(b1-4)Glc(b1-Sp21,6.937982221258568,5.387225189897549,25.22216320579977
Neu5Ac(a2-3)Gal(b1-4)GlcNAc(b1-2)Man(a1-Sp0,7.639362457856022,14.783365781963651,8.43644700584909
Neu5Ac(a2-3)Gal(b1-4)GlcNAc(b1-6)GalNAc(a1-Sp14,1.854075042305459,5.888639735046346,11.071375127176692
Neu5Ac(a2-6)Gal(b1-4)GlcNAc(b1-6)GalNAc(a1-Sp14,8.464705611340936,15.02000063826009,5.2067818192558475
Neu5Ac(a2-6)Gal(b1-4)GlcNAc(b1-6)[Neu5Ac(a2-6)Gal(b1-4)GlcNAc(b1-3)]GalNAc(a1-Sp14,14.691678055507019,9.76155103398874,13.250795800850366
Neu5Ac(a2-6)Gal(b1-4)GlcNAc(b1-2)Man(a1-6)[Neu5Ac(a2-6)Gal(b1-4)GlcNAc(b1-2)Man(a1-3)]Man(b1-4)GlcNAc(b1-4)[Fuc(a1-6)]GlcNAc(b1-Sp24,4.9498422159196265,7.504354524318976,6.63928058320328
Neu5Ac(a2-3)Gal(b1-4)GlcNAc(b1-2)Man(a1-6)[Neu5Ac(a2-3)Gal(b1-4)GlcNAc(b1-2)Man(a1-3)]Man(b1-4)GlcNAc(b1-4)[Fuc(a1-6)]GlcNAc(b1-Sp24,10.926669634850619,8.045651126074263,5.910772308816052
Man(a1-6)[Man(a1-3)]Man(b1-4)GlcNAc(b1-4)[Fuc(a1-6)]GlcNAc(b1-Sp19,5.252055866277508,5.1707437701617565,7.370368852992817
Gal(b1-4)GlcNAc(b1-6)[Gal(b1-4)GlcNAc(b1-2)]Man(a1-6)[Gal(b1-4)GlcNAc(b1-2)Man(a1-3)]Man(b1-4)GlcNAc(b1-4)[Fuc(a1-6)]GlcNAc(b1-Sp24,7.5789493086113175,9.815414673189636,73.5746754420916
Neu5Ac(a2-3)Gal(b1-3)GlcNAc(b1-2)Man(a1-6)[GlcNAc(b1-4)][Neu5Ac(a2-3)Gal(b1-3)GlcNAc(b1-2)Man(a1-3)]Man(b1-4)GlcNAc(b1-4)GlcNAc(a1-Sp21,15.323645598986339,6.774040671317715,13.824006061196586
Neu5Ac(a2-6)Gal(b1-4)GlcNAc(b1-6)[Fuc(a1-2)Gal(b1-4)[Fuc(a1-3)]GlcNAc(b1-3)]Gal(b1-4)Glc(a1-Sp21,2.507606740001312,4.650929166216853,4.002685855772343
Gal(b1-3)GlcNAc(b1-6)GalNAc(a1-Sp14,5.450035071064527,5.150750084211037,6.540248018424082
Gal(a1-3)Gal(b1-3)GlcNAc(b1-6)GalNAc(a1-Sp14,8.637048034677898,7.132198749976523,4.923168564044914
Gal(b1-3)[Fuc(a1-4)]GlcNAc(b1-6)GalNAc(a1-Sp14,14.720408366250124,6.732185166793911,4.640623266599
Neu5Ac(a2-3)Gal(b1-3)GlcNAc(b1-6)GalNAc(a1-Sp14,1.9394531520938287,2.4083376431334003,18.241864110336977
(3S)Gal(b1-3)[Fuc(a1-4)]GlcNAc(b1-Sp0,7.979680370113013,4.285256718389225,10.688344721549107
Gal(b1-4)[Fuc(a1-3)]GlcNAc(b1-6)[Neu5Ac(a2-6)[Neu5Ac(a2-3)Gal(b1-3)]GlcNAc(b1-3)]Gal(b1-4)Glc(a1-Sp21,8.15068609397393,8.281052565294262,7.614084701558036
Fuc(a1-2)Gal(b1-4)GlcNAc(b1-6)GalNAc(a1-Sp14,10.203413603748828,19.551413506167947,25.125097295599303
Gal(a1-3)Gal(b1-4)GlcNAc(b1-6)GalNAc(a1-Sp14,4.622971352838629,6.170240215947839,6.465870139432124
Gal(b1-4)[Fuc(a1-3)]GlcNAc(b1-2)Man(a1-Sp0,10.836069955785014,15.523454190648634,36.1005402024679
Fuc(a1-2)(6S)Gal(b1-3)GlcNAc(b1-Sp0,6.544620670189117,5.730495700199065,3.230580141269785
Gal(a1-3)[Fuc(a1-2)]Gal(b1-4)GlcNAc(b1-6)GalNAc(a1-Sp14,13.729478151135234,6.088851911690747,8.706999317216008
Fuc(a1-2)Gal(b1-4)GlcNAc(b1-2)Man(a1-Sp0,2.8446090175101384,9.374815356181683,6.599356186022996
Fuc(a1-2)Gal(b1-3)(6S)GlcNAc(b1-Sp0,7.242690394459785,15.939192387607555,17.21527082880682
Fuc(a1-2)(6S)Gal(b1-3)(6S)GlcNAc(b1-Sp0,22.378420762179946,13.579995864996905,21.27917088720018
Neu5Ac(a2-6)GalNAc(b1-4)(6S)GlcNAc(b1-Sp8,3.1778909258605266,6.423092271056051,11.156796668697794
GalNAc(b1-4)[Fuc(a1-3)](6S)GlcNAc(b1-Sp8,3.903015839386252,6.090538604193117,3.540760768888544
(3S)GalNAc(b1-4)[Fuc(a1-3)]GlcNAc(b1-Sp8,8.777222471972552,8.907170298323333,6.6780240046488775
Fuc(a1-2)Gal(b1-3)GlcNAc(b1-6)[Fuc(a1-2)Gal(b1-3)GlcNAc(b1-3)]GalNAc(a1-Sp14,5.056871518373126,11.729067561973267,21.98868965278891
GalNAc(a1-3)[Fuc(a1-2)]Gal(b1-3)GlcNAc(b1-6)GalNAc(a1-Sp14,4.97594711554159,18.15408442600912,15.03328548596413
GlcNAc(b1-6)[GlcNAc(b1-2)]Man(a1-6)[GlcNAc(b1-4)][GlcNAc(b1-4)[GlcNAc(b1-2)]Man(a1-3)]Man(b1-4)GlcNAc(b1-4)[Fuc(a1-6)]GlcNAc(a1-Sp21,6.1911221314610385,3.830935726860126,4.775146658480764
Gal(b1-4)GlcNAc(b1-6)[Gal(b1-4)GlcNAc(b1-2)]Man(a1-6)[GlcNAc(b1-4)]Gal(b1-4)GlcNAc(b1-4)[Gal (b1-4)GlcNAc(b1-2)]Man(a1-3)]Man(b1-4)GlcNAc(b1-4)[Fuc(a1-6)]GlcNAc(a1-Sp21,10.677722801351406,21.96776930520431,69.75348433578564
Gal(b1-3)GlcNAc(a1-3)Gal(b1-4)GlcNAc(b1-Sp8 ,5.275802877919783,8.119080609280841,6.683525776614242
Gal(b1-3)(6S)GlcNAc(b1-Sp8 ,6.259019576778778,4.763067355094472,16.349452076726198
(6S)(4S)GalNAc(b1-4)GlcNAc(a1-Sp8,5.528611722666015,4.692065907820707,4.507076491751612
(6S)GalNAc(b1-4)GlcNAc(a1-Sp8 ,12.326221237940954,4.421355033998814,14.773194712722116
(3S)GalNAc(b1-4)(3S)GlcNAc(a1-Sp8,8.471112316966797,4.240194303232657,2.4799130804660647
GalNAc(b1-4)(6S)GlcNAc(a1-Sp8 ,51.22474001381085,72.48931320786606,812.7609716885103
(3S)GalNAc(b1-4)GlcNAc(a1-Sp8 ,4.216509544931673,8.86112659541663,13.844714483272428
(4S)GalNac(b1-Sp10,2.740659304346309,7.148852691632878,6.9861326137332105
Gal(b1-4)(6P)GlcNAc(b1-Sp0 ,2.582753942822793,5.26372823663671,6.1214134364540325
(6P)Gal(b1-4)GlcNAc(b1-SP0 ,18.14583433819361,16.368994707754645,23.6143178260563
GalNAc(a1-3)[Fuc(a1-2)]Gal(b1-4)GlcNAc(b1-6)GalNAc(a1-Sp14,2.0706181208759795,1.9708633359943224,41.55836304069837
Neu5Ac(a2-6)Gal(b1-4)GlcNAc(b1-2)Ma(n1-Sp0,6.3028292130730215,5.799444510396372,9.938521456895216
Gal(a1-3)Gal(b1-4)GlcNAc(b1-2)Man(a1-Sp0,9.435000198683976,8.755882435778059,11.56548892823674
Gal(a1-3)[Fuc(a1-2)]Gal(b1-4)GlcNAc(b1-2)Man(a1-Sp0,4.71749879800374,35.74797722439454,74.84660578069655
GalNAc(a1-3)[Fuc(a1-2)]Gal(b1-4) GlcNAc(b1-2)Man(a1-Sp0,8.7847300068547,20.480982422949506,66.79720612737185
 Gal(b1-3)GlcNAc(b1-2)Man(a1-Sp0,5.050866053130556,7.04903175691527,9.83866370342877
Gal(a1-3)[Fuc(a1-2)]Gal(b1-3)GlcNAc(b1-6)GalNAc(a1-Sp14,6.15099262849772,7.094164213398688,18.83443665425813
Neu5Ac(a2-3)Gal(b1-3)GlcNAc(b1-2)Man(a1-Sp0,6.440141516561006,9.77166489754945,31.44631103488133
Gal(a1-3)Gal(b1-3)GlcNAc(b1-2)Man(a1-Sp0,7.472457013370278,18.07700736707176,13.054156598953707
GalNAc(b1-4)GlcNAc(b1-2)Man(a1-Sp0,31.550621979751128,80.13526887614087,381.2221718041035
Neu5Ac(a2-3)Gal(b1-3)GlcNAc(b1-4)Gal(b1-4)Glc(b1-Sp0,7.3312312119679675,3.158931695473438,5.441526222792037
GlcNAc(b1-2) Man(a1-6)[GlcNAc(b1-4)][GlcNAc(b1-2)Man(a1-3)]Man(b1-4)GlcNAc(b1-4)[Fuc(a1-6)]GlcNAc(a1-Sp21,4.324921868273074,12.932088691667971,13.801301346370682
Gal(b1-4)GlcNAc(b1-2) Man(a1-6)[GlcNAc(b1-4)][Gal(b1-4)GlcNAc(b1-2)Man(a1-3)]Man(b1-4)GlcNAc(b1-4)[Fuc(a1-6)]GlcNAc(a1-Sp21,15.267318578229988,5.644324408938004,9.45617626422012
Gal(b1-4)GlcNAc(b1-2) Man(a1-6)[Gal(b1-4)GlcNAc(b1-4)][Gal(b1-4)GlcNAc(b1-2)Man(a1-3)]Man(b1-4)GlcNAc(b1-4)[Fuc(a1-6)]GlcNAc(a1-Sp21,11.183405725560524,4.416799553975711,17.847623760485106
Fuc(a1-4)[Gal(b1-3)]GlcNAc(b1-2)Man(a1-Sp0,6.3621019883368755,5.855842704157393,3.9543158198774826
Neu5Ac(a2-3)Gal(b1-4)[Fuc(a1-3)]GlcNAc(b1-2)Man(a1-Sp0,10.313580558136284,5.2917606826556325,10.478047538385505
GlcNAc(b1-3)Gal(b1-4)GlcNAc(b1-6)[GlcNAc(b1-3)]Gal(b1-4)GlcNAc(a1-Sp0,1.9004411459360584,4.360667394161128,4.409471364385238
GalNAc(a1-3)[Fuc(a1-2)]Gal(b1-3)GalNAc(b1-3)Gal(a1-4)Gal(b1-4)Glc(a1-Sp21,2.3797047898146326,18.631099717832907,40.42885690925629
Gal(a1-3)[Fuc(a1-2)]Gal(b1-3)GalNAc(b1-3)Gal(a1-4)Gal(b1-4)Glc(a1-Sp21,11.955981406392345,27.741928579362074,403.6386754728032
Gal(b1-3)GalNAc(b1-3)Ga(l1-Sp21,13.459186489129527,3.0836895266330937,11.121215420529916
GlcNAc(b1-3)Gal(b1-4)GlcNAc(b1-2)Man(a1-6)[GlcNAc(b1-3)Gal(b1-4)GlcNAc(b1-2)Man(a1-3)]Man(b1-4)GlcNAc(b1-4)GlcNAc(b1-Sp12,3.5437696525027884,3.0253260125975614,15.739368256805365
GlcNAc(b1-3)Gal(b1-4)GlcNAc(b1-2)Man(a1-6)[GlcNAc(b1-3)Gal(b1-4)GlcNAc(b1-2)Man(a1-3)]Man(b1-4)GlcNAc(b1-4)GlcNAc(b1-Sp25,9.793102389777557,11.007590043351914,8.964332552398993
Gal(b1-4)GlcNAc(b1-3)Gal(b1-4)GlcNAc(b1-2)Man(a1-6)[Gal(b1-4)GlcNAc(b1-3)Gal(b1-4)GlcNAc(b1-2)Man(a1-3)]Man(b1-4)GlcNAc(b1-4)GlcNAc(b1-Sp12,16.51602241105616,57.83465369047062,59.200134593230544
Gal(b1-4)GlcNAc(b1-3)Gal(b1-4)GlcNAc(b1-2)Man(a1-6)[Gal(b1-4)GlcNAc(b1-3)Gal(b1-4)GlcNAc(b1-2)Man(a1-3)]Man(b1-4)GlcNAc(b1-4)GlcNAc(b1-Sp24,9.042151993672023,52.79479772461778,534.9933828593906
Neu5Gc(a2-3)Gal(b1-4)GlcNAc(b1-3)Gal(b1-4)GlcNAc(b1-2)Man(a1-6)[Neu5Gc(a2-3)Gal(b1-4)GlcNAc(b1-3)Gal(b1-4)GlcNAc(b1-2)Man(a1-3)]Man(b1-4)GlcNAc(b1-4)GlcNAc(b1-Sp24,6.087815467732796,18.857194374826808,6.356364678808157
Fuc(a1-2)Gal(b1-4)GlcNAc(b1-3)Gal(b1-4)GlcNAc(b1-2)Man(a1-6)[Fuc(a1-2)Gal(b1-4)GlcNAc(b1-3)Gal(b1-4)GlcNAc(b1-2)Man(a1-3)]Man(b1-4)GlcNAc(b1-4)GlcNAc(b1-Sp24,6.447048320161711,4.393251122175027,23.057667365315154
GlcNAc(b1-3)Gal(b1-4)GlcNAc(b1-3)Gal(b1-4)GlcNAc(b1-2)Man(a1-6)[GlcNAc(b1-3)Gal(b1-4)GlcNAc(b1-3)Gal(b1-4)GlcNAc(b1-2)Man(a1-3)]Man(b1-4)GlcNAc(b1-4)GlcNAc(b1-Sp12,68.3352409545459,66.50783777142382,46.77308170407258
GlcNAc(b1-3)Gal(b1-4)GlcNAc(b1-3)Gal(b1-4)GlcNAc(b1-2)Man(a1-6)[GlcNAc(b1-3)Gal(b1-4)GlcNAc(b1-3)Gal(b1-4)GlcNAc(b1-2)Man(a1-3)]Man(b1-4)GlcNAc(b1-4)GlcNAc(b1-Sp25,29.66290549788853,6.728444744267928,6.060743360004017
Gal(b1-4)GlcNAc(b1-3)Gal(b1-4)GlcNAc(b1-3)Gal(b1-4)GlcNAc(b1-2)Man(a1-6)[Gal(b1-4)GlcNAc(b1-3)Gal(b1-4)GlcNAc(b1-3)Gal(b1-4)GlcNAc(b1-2)Man(a1-3)]Man(b1-4)GlcNAc(b1-4)GlcNAc(b1-Sp12,48.095247492337656,18.373414763819294,44.12360138368745
Gal(b1-4)GlcNAc(b1-3)Gal(b1-4)GlcNAc(b1-3)Gal(b1-4)GlcNAc(b1-2)Man(a1-6)[Gal(b1-4)GlcNAc(b1-3)Gal(b1-4)GlcNAc(b1-3)Gal(b1-4)GlcNAc(b1-2)Man(a1-3)]Man(b1-4)GlcNAc(b1-4)GlcNAc(b1-Sp24,12.510377396119285,16.695978537362684,528.3957551017021
GlcNAc(b1-3)Gal(b1-4)GlcNAc(b1-3)Gal(b1-4)GlcNAc(b1-3)Gal(b1-4)GlcNAc(b1-2)Man(a1-6)[GlcNAc(b1-3)Gal(b1-4)GlcNAc(b1-3)Gal(b1-4)GlcNAc(b1-3)Gal(b1-4)GlcNAc(b1-2)Man(a1-3)]Man(b1-4)GlcNAc(b1-4)GlcNAc(b1-Sp25,12.680193931843734,13.504463195427904,17.570557561728094
Gal(b1-4)GlcNAc(b1-3)Gal(b1-4)GlcNAc(b1-3)Gal(b1-4)GlcNAc(b1-3)Gal(b1-4)GlcNAc(b1-2)Man(a1-6)[Gal(b1-4)GlcNAc(b1-3)Gal(b1-4)GlcNAc(b1-3)Gal(b1-4)GlcNAc(b1-3)Gal(b1-4)GlcNAc(b1-2)Man(a1-3)]Man(b1-4)GlcNAc(b1-4)GlcNAc(b1-Sp25,1.3146400838251653,43.50618763175175,904.9551751627923
Gal(b1-3)GlcNAc(b1-3)Gal(b1-4)GlcNAc(b1-2)Man(a1-6)[Gal(b1-3)GlcNAc(b1-3)Gal(b1-4)GlcNAc(b1-2)Man(a1-3)]Man(b1-4)GlcNAc(b1-4)GlcNAc(a1-Sp25,8.805577804768587,5.852107882635107,18.22366772533273
Neu5Gc(a2-8)Neu5Gc(a2-3)Gal(b1-4)GlcNAc(a1-Sp0,3.2085154951316657,8.717018142690765,3.216139118441039
Neu5Ac(a2-8)Neu5Gc(a2-3)Gal(b1-4)GlcNAc(a1-Sp0,3.3593746466666423,9.928086485991816,16.060060294926252
Neu5Gc(a2-8)Neu5Ac(a2-3)Gal(b1-4)GlcNAc(a1-Sp0,4.177214855219519,2.2945602430894376,6.947760216249553
Neu5Gc(a2-8)Neu5Gc(a2-3)Gal(b1-4)GlcNAc(b1-3)Gal(b1-4)GlcNAc(a1-Sp0,6.848323577039371,2.455837816815272,4.7042714494382665
Neu5Gc(a2-8)Neu5Gc(a2-6)Gal(b1-4)GlcNAc(a1-Sp0,11.538583238963964,2.906496198747436,19.38096554859518
Neu5Ac(a2-8)Neu5Ac(a2-3)Gal(b1-4)GlcNAc(a1-Sp0,2.881739094135117,2.4222336640657405,5.694964533910638
GlcNAc(b1-3)Gal(b1-4)GlcNAc(b1-6)[GlcNAc(b1-3)Gal(b1-4)GlcNAc(b1-2)]Man(a1-6)[GlcNAc(b1-3)Gal(b1-4)GlcNAc(b1-2)]Man (a1-3)]Man(b1-4)GlcNAc(b1-4)GlcNAc(a1-Sp24,11.864882494431468,27.82521091065619,15.529716882453675
Gal(b1-4)GlcNAc(b1-3)Gal(b1-4)GlcNAc(b1-6)[Gal(b1-4)GlcNAc(b1-3)Gal(b1-4)GlcNAc(b1-2)]Man(a1-6)[Gal(b1-4)GlcNAc(b1-3)Gal(b1-4)GlcNAc(b1-2)Man(a1-3)]Man(a1-4)GlcNAc(b1-4)GlcNAc(a1-Sp24,18.20894281948663,33.114249427600285,62.760446879169734
Gal(a1-3)Gal(b1-4)GlcNAc(b1-2)Man(a1-6)[Gal(a1-3)Gal(b1-4)GlcNAc(b1-2)Man(a1-3)]Man(b1-4)GlcNAc(b1-4)GlcNAc(a1-Sp24,6.475545358436383,8.548350791185808,31.54039563660098
GlcNAc(b1-3)Gal(b1-4)GlcNAc(b1-6)[GlcNAc(b1-3)Gal(b1-3)]GalNAc(a1-Sp14,8.8059966219995,6.562552604678054,6.28953563389222
GalNAc(b1-3)GlcNAc(b1-Sp0 ,7.5461852037414685,22.46172747710721,81.77251946048763
GalNAc(b1-4)GlcNAc(b1-3)GalNAc(b1-4)GlcNAc(b1-Sp0 ,84.57755004984192,323.73132594611604,1861.756726691583
GlcNAc(b1-3)Gal(b1-4)GlcNAc(b1-3)Gal(b1-4)GlcNAc(b1-3)Gal(b1-4)GlcNAc(b1-3)Gal(b1-4)GlcNAc(b1-2)Man(a1-6)[GlcNAc(b1-3)Gal(b1-4)GlcNAc(b1-3)Gal(b1-4)GlcNAc(b1-3)Gal(b1-4)GlcNAc(b1-3)Gal(b1-4)GlcNAc(b1-2)Man(a1-3)]Man(b1-4)GlcNAc(b1-4)GlcNAc(b1-Sp25,9.89349370007044,12.860343459125282,18.018059836799928
Gal(b1-4)GlcNAc(b1-3)Gal(b1-4)GlcNAc(b1-3)Gal(b1-4)GlcNAc(b1-3)Gal(b1-4)GlcNAc(b1-3)Gal(b1-4)GlcNAc(b1-2)Man(a1-6)[Gal(b1-4)GlcNAc(b1-3)Gal(b1-4)GlcNAc(b1-3)Gal(b1-4)GlcNAc(b1-3)Gal(b1-4)GlcNAc(b1-3)Gal(b1-4)GlcNAc(b1-2)Man(a1-3)]Man(b1-4)GlcNAc(b1-4)GlcNAc(b1-Sp25,39.32617329534917,100.38239113129049,503.5695128103852
GlcNA(b1-3)Gal(b1-3)GalNAc(a1-Sp14,5.928350101770865,19.15208234864205,3.0890972266721097
Gal(b1-3)GlcNAc(b1-6)[Gal(b1-3)]GalNAc(a1-Sp14,2.160999900316206,5.55489529034226,5.860591827622867
Gal(b1-4)GlcNAc(b1-3)Gal(b1-4)GlcNAc(b1-3)Gal(b1-4)GlcNAc(b1-3)Gal(b1-4)GlcNAc(b1-3)Gal(b1-4)GlcNAc(b1-3)Gal(b1-4)GlcNAc(b1-2)Man(a1-6)[Gal(b1-4)GlcNAc(b1-3)Gal(b1-4)GlcNAc(b1-3)Gal(b1-4)GlcNAc(b1-3)Gal(b1-4)GlcNAc(b1-3)Gal(b1-4)GlcNAc(b1-3)Gal(b1-4)GlcNAc(b1-2)Man(a1-3)]Man(b1-4)GlcNAc(b1-4)GlcNAc(b1-Sp25,2.672815265314816,40.62608978587701,240.29369487153028
(3S)GlcA(b1-3)Gal(b1-4)GlcNAc(b1-3)Gal(b1-4)Glc(a1-Sp0,7.993200348004128,9.383737364540137,10.311799266859293
(3S)GlcA(b1-3)Gal(b1-4)GlcNAc(b1-2)Man(a1-Sp0,9.954154508378236,2.561701612860746,1.7096816319128116
Gal(b1-3)GlcNAc(b1-3)Gal(b1-4)GlcNAc(b1-3)Gal(b1-4)GlcNAc(b1-6)[Gal(b1-3)GlcNAc(b1-3)Gal(b1-4)GlcNAc(b1-3)Gal(b1-4)GlcNA(b1-2)]Man(a1-6)[Gal(b1-3)GlcNAc(b1-3)Gal(b1-4)GlcNAc(b1-3)Gal(b1-4)GlcNAc(b1-2)Man(a1-3)]Man(b1-4)GlcNAc(b1-4)[Fuc(a1-6)]GlcNAc(b1-Sp24,10.309833107402858,34.438393705330206,6.807338751167128
Gal(b1-3)GlcNAc(b1-3)Gal(b1-4)GlcNAc(b1-6)[Gal(b1-3)GlcNAc(b1-3)Gal(b1-4)GlcNA(b1-2)]Man(a1-6)[Gal(b1-3)GlcNAc(b1-3)Gal(b1-4)GlcNAc(b1-2)Man(a1-3)]Man(b1-4)GlcNAc(b1-4)[Fuc(a1-6)]GlcNAc(b1-Sp24,6.753357640463007,7.6382973981444415,34.283273344239475
Neu5Ac(a2-8)Neu5Ac(a2-3)Gal(b1-3)GalNAc(b1-4)[Neu5Ac(a2-3)]Gal(b1-4)Glc(a1-Sp21,3.9396396256510577,9.169136553814653,7.2595045822700595
GlcNAc(b1-3)Gal(b1-4)GlcNAc(b1-2)Man(a1-6)[GlcNAc(b1-3)Gal(b1-4)GlcNAc(b1-2)Man(a1-3)]Man(b1-4)GlcNAc(b1-4)[Fuc(a1-6)]GlcNAc(b1-Sp24,12.486356040361288,14.435367351404677,4.394606798015866
Gal(b1-4)GlcNAc(b1-3)Gal(b1-4)GlcNAc(b1-2)Man(a1-6)[Gal(b1-4)GlcNAc(b1-3)Gal(b1-4)GlcNAc(b1-2)Man(a1-3)]Man(b1-4)GlcNAc(b1-4)[Fuc(a1-6)]GlcNAc(b1-Sp24,15.239110708387795,41.60718342582269,225.0913458821816
GlcNAc(b1-3)Gal(b1-4)GlcNAc(b1-3)Gal(b1-4)GlcNAc(b1-2)Man(a1-6)[GlcNAc(b1-3)Gal(b1-4)GlcNAc(b1-3)Gal(b1-4)GlcNAc(b1-2)Man(a1-3)]Man(b1-4)GlcNAc(b1-4)[Fuc(a1-6)]GlcNAc(b1-Sp24,9.512518244353927,8.597111459234446,16.067530140291232
Gal(b1-4)GlcNAc(b1-3)Gal(b1-4)GlcNAc(b1-3)Gal(b1-4)GlcNAc(b1-2)Man(a1-6)[Gal(b1-4)GlcNAc(b1-3)Gal(b1-4)GlcNAc(b1-3)Gal(b1-4)GlcNAc(b1-2)Man(a1-3)]Man(b1-4)GlcNAc(b1-4)[Fuc(a1-6)]GlcNAc(b1-Sp24,13.215297269042662,58.42444144410733,306.9685017594362
GlcNAc(b1-3)Gal(b1-4)GlcNAc(b1-3)Gal(b1-4)GlcNAc(b1-3)Gal(b1-4)GlcNAc(b1-2)Man(a1-6)[GlcNAc(b1-3)Gal(b1-4)GlcNAc(b1-3)Gal(b1-4)GlcNAc(b1-3)Gal(b1-4)GlcNAc(b1-2)Man(a1-3)]Man(b1-4)GlcNAc(b1-4)[Fuc(a1-6)]GlcNAc(b1-Sp24,34.17721205270894,8.516877882720099,32.340086525793794
Gal(b1-4)GlcNAc(b1-3)Gal(b1-4)GlcNAc(b1-3)Gal(b1-4)GlcNAc(b1-3)Gal(b1-4)GlcNAc(b1-2)Man(a1-6)[Gal(b1-4)GlcNAc(b1-3)Gal(b1-4)GlcNAc(b1-3)Gal(b1-4)GlcNAc(b1-3)Gal(b1-4)GlcNAc(b1-2)Man(a1-3)]Man(b1-4)GlcNAc(b1-4)[Fuc(a1-6)]GlcNAc(b1-Sp24,34.40109108744472,68.60917557151646,450.0357482789888
GlcNAc(b1-3)Gal(b1-4)GlcNAc(b1-3)Gal(b1-4)GlcNAc(b1-3)Gal(b1-4)GlcNAc(b1-3)Gal(b1-4)GlcNAc(b1-2)Man(a1-6)[GlcNAc(b1-3)Gal(b1-4)GlcNAc(b1-3)Gal(b1-4)GlcNAc(b1-3)Gal(b1-4)GlcNAc(b1-3)Gal(b1-4)GlcNAc(b1-2)Man(a1-3)]Man(b1-4)GlcNAc(b1-4)[Fuc(a1-6)]GlcNAc(b1-Sp19,6.9199934515865005,6.623150622060473,17.13525922017241
Gal(b1-4)GlcNAc(b1-3)Gal(b1-4)GlcNAc(b1-3)Gal(b1-4)GlcNAc(b1-3)Gal(b1-4)GlcNAc(b1-3)Gal(b1-4)GlcNAc(b1-2)Man(a1-6)[Gal(b1-4)GlcNAc(b1-3)Gal(b1-4)GlcNAc(b1-3)Gal(b1-4)GlcNAc(b1-3)Gal(b1-4)GlcNAc(b1-3)Gal(b1-4)GlcNAc(b1-2)Man(a1-3)]Man(b1-4)GlcNAc(b1-4)[Fuc(a1-6)]GlcNAc(b1-Sp19,11.263443658431838,29.880249574635553,448.414336981154
Gal(b1-4)GlcNAc(b1-3)Gal(b1-4)GlcNAc(b1-6)[Gal(b1-4)GlcNAc(b1-3)Gal(b1-4)GlcNA(b1-2)]Man(a1-6)[Gal(b1-4)GlcNAc(b1-3)Gal(b1-4)GlcNAc(b1-2)Man(a1-3)]Man(b1-4)GlcNAc(b1-4)[Fuc(a1-6)]GlcNAc(b1-Sp24,28.8808673268163,413.98851286008926,424.4745063587892
GlcNAc(b1-3)Gal(b1-4)GlcNAc(b1-3)Gal(b1-4)GlcNAc(b1-6)[GlcNAc(b1-3)Gal(b1-4)GlcNAc(b1-3)Gal(b1-4)GlcNA(b1-2)]Man(a1-6)[GlcNAc(b1-3)Gal(b1-4)GlcNAc(b1-3)Gal(b1-4)GlcNAc(b1-2)Man(a1-3)]Man(b1-4)GlcNAc(b1-4)[Fuc(a1-6)]GlcNAc(b1-Sp24,15.55770625542208,14.289801454971375,28.79259044075684
Gal(b1-4)GlcNAc(b1-3)Gal(b1-4)GlcNAc(b1-3)Gal(b1-4)GlcNAc(b1-6)[Gal(b1-4)GlcNAc(b1-3)Gal(b1-4)GlcNAc(b1-3)Gal(b1-4)GlcNA(b1-2)]Man(a1-6)[Gal(b1-4)GlcNAc(b1-3)Gal(b1-4)GlcNAc(b1-3)Gal(b1-4)GlcNAc(b1-2)Man(a1-3)]Man(b1-4)GlcNAc(b1-4)[Fuc(a1-6)]GlcNAc(b1-Sp24,25.288591762080287,281.2609697346619,781.9528361456627
GlcNAc(b1-3)Gal(b1-4)GlcNAc(b1-3)Gal(b1-4)GlcNAc(b1-3)Gal(b1-4)GlcNAc(b1-6)[GlcNAc(b1-3)Gal(b1-4)GlcNAc(b1-3)Gal(b1-4)GlcNAc(b1-3)Gal(b1-4)GlcNA(b1-2)]Man(a1-6)[GlcNAc(b1-3)Gal(b1-4)GlcNAc(b1-3)Gal(b1-4)GlcNAc(b1-3)Gal(b1-4)GlcNAc(b1-2)Man(a1-3)]Man(b1-4)GlcNAc(b1-4)[Fuc(a1-6)]GlcNAc(b1-Sp24,27.792817298659468,5.373863313297017,24.83622374711328
Gal(b1-4)GlcNAc(b1-3)Gal(b1-4)GlcNAc(b1-3)Gal(b1-4)GlcNAc(b1-3)Gal(b1-4)GlcNAc(b1-6)[Gal(b1-4)GlcNAc(b1-3)Gal(b1-4)GlcNAc(b1-3)Gal(b1-4)GlcNAc(b1-3)Gal(b1-4)GlcNA(b1-2)]Man(a1-6)[Gal(b1-4)GlcNAc(b1-3)Gal(b1-4)GlcNAc(b1-3)Gal(b1-4)GlcNAc(b1-3)Gal(b1-4)GlcNAc(b1-2)Man(a1-3)]Man(b1-4)GlcNAc(b1-4)[Fuc(a1-6)]GlcNAc(b1-Sp24,6.868832289103929,188.45727007961932,1006.1967280015443
GlcNAc(b1-3)Gal(b1-4)GlcNAc(b1-3)Gal(b1-4)GlcNAc(b1-3)Gal(b1-4)GlcNAc(b1-3)Gal(b1-4)GlcNAc(b1-6)[GlcNAc(b1-3)Gal(b1-4)GlcNAc(b1-3)Gal(b1-4)GlcNAc(b1-3)Gal(b1-4)GlcNAc(b1-3)Gal(b1-4)GlcNA(b1-2)]Man(a1-6)[GlcNAc(b1-3)Gal(b1-4)GlcNAc(b1-3)Gal(b1-4)GlcNAc(b1-3)Gal(b1-4)GlcNAc(b1-3)Gal(b1-4)GlcNAc(b1-2)Man(a1-3)]Man(b1-4)GlcNAc(b1-4)[Fuc(a1-6)]GlcNAc(b1-Sp24,48.060226584247076,57.2466850322066,67.89088678025324
Gal(b1-4)GlcNAc(b1-3)Gal(b1-4)GlcNAc(b1-3)Gal(b1-4)GlcNAc(b1-3)Gal(b1-4)GlcNAc(b1-3)Gal(b1-4)GlcNAc(b1-6)[Gal(b1-4)GlcNAc(b1-3)Gal(b1-4)GlcNAc(b1-3)Gal(b1-4)GlcNAc(b1-3)Gal(b1-4)GlcNAc(b1-3)Gal(b1-4)GlcNA(b1-2)]Man(a1-6)[Gal(b1-4)GlcNAc(b1-3)Gal(b1-4)GlcNAc(b1-3)Gal(b1-4)GlcNAc(b1-3)Gal(b1-4)GlcNAc(b1-3)Gal(b1-4)GlcNAc(b1-2)Man(a1-3)]Man(b1-4)GlcNAc(b1-4)[Fuc(a1-6)]GlcNAc(b1-Sp24,31.65286942121779,94.35971612913576,980.332064469996
Gal(b1-4)GlcNAc(b1-3)Gal(b1-4)GlcNAc(b1-3)GalNAc(a1-Sp14,17.230002209010287,25.13910571924419,20.99420255965518
Gal(b1-4)GlcNAc(b1-3)Gal(b1-4)GlcNAc(b1-6)[Gal(b1-3)]GalNAc(a1-Sp14,11.668171634407782,6.296660886003505,60.688774157575395
Gal(b1-4)GlcNAc(b1-3)Gal(b1-4)GlcNAc(b1-6)[Gal(b1-4)GlcNAc(b1-3)Gal(b1-4)GlcNAc(b1-3)]GalNAc(a1-Sp14,71.36513358921614,50.89227789553809,64.30490974715039
Neu5Ac(a2-3)Gal(b1-4)GlcNAc(b1-3)Gal(b1-4)GlcNAc(b1-3)GalNAc(a1-Sp14,4.313945639724727,7.26645598601317,8.667934566502383
GlcNAc(b1-3)Gal(b1-4)GlcNAc(b1-3)GalNAc(a1-Sp14,4.833874575241553,1.8808903713844287,2.836023426531136
GlcNAc(b1-3)Gal(b1-4)GlcNAc(b1-6)[Gal(b1-3)]GalNAc(a1-Sp14,5.379673450746495,1.7933561858054508,2.184669425031319
GlcNAc(b1-3)Gal(b1-4)GlcNAc(b1-6)[GlcNAc(b1-3)Gal(b1-4)GlcNAc(b1-3)]GalNAc(a1-Sp14,7.021309686471128,27.93821168757942,10.676410827106958
Neu5Ac(a2-3)Gal(b1-4)GlcNAc(b1-3)Gal(b1-4)GlcNAc(b1-6)[Neu5Ac(a2-3)Gal(b1-4)GlcNAc(b1-3)Gal(b1-4)GlcNAc(b1-3)]GalNAc(a1-Sp14,13.591944170567851,12.089598319354264,26.799917119896804
Neu5Ac(a2-6)Gal(b1-4)GlcNAc(b1-3)Gal(b1-4)GlcNAc(b1-3)GalNAc(a1-Sp14,5.7526628935360575,4.906847842896021,2.9015907711690385
GlcNAc(b1-3)Gal(b1-4)GlcNAc(b1-3)Gal(b1-4)GlcNAc(b1-3)GalNAc(a1-Sp14,3.1671273087768395,6.5954703377899095,13.587224887616566
Gal(b1-4)GlcNAc(b1-3)Gal(b1-3)GalNAc(a1-Sp14,7.914957343062563,4.940005060979189,14.87963854161675
Neu5Ac(a2-3)Gal(b1-4)GlcNAc(b1-3)Gal(b1-4)GlcNAc(b1-6)[Gal(b1-3)]GalNAc(a1-Sp14,11.377763659693114,16.322428118057882,7.642293383097331
Neu5Ac(a2-6)Gal(b1-4)GlcNAc(b1-3)Gal(b1-4)GlcNAc(b1-6)[Gal(b1-3)]GalNAc(a1-Sp14,10.655540983411706,23.73335511404079,20.318189006405074
Neu5Ac(a2-6)Gal(b1-4)GlcNAc(b1-6)[Gal(b1-3)]GalNAc(a1-Sp14,19.44652635294625,7.859997543415649,4.019052466274438
Neu5Ac(a2-3)Gal(b1-4)GlcNAc(b1-3)Gal(b1-4)GlcNAc(b1-2)Man(a1-6)[Neu5Ac(a2-3)Gal(b1-4)GlcNAc(b1-3)Gal(b1-4)GlcNAc(b1-2)Man(a1-3)]Man(b1-4)GlcNAc(b1-4)GlcNAc(b1-Sp12,8.870369377878419,11.288295565171607,14.817966790915234
GlcNAc(b1-6)[Neu5Ac(a2-3)Gal(b1-3)]GalNAc(a1-Sp14,14.183681548526106,4.82501376189747,11.986018840959385
Neu5Ac(a2-6)Gal(b1-4)GlcNAc(b1-3)Gal(b1-4)GlcNAc(b1-6)[Neu5Ac(a2-6)Gal(b1-4)GlcNAc(b1-3)Gal(b1-4)GlcNAc(b1-3)]GalNAc(a1-Sp14,21.988207743924843,16.811867768633043,32.224055438587285
Neu5Ac(a2-6)Gal(b1-4)GlcNAc(b1-3)Gal(b1-4)GlcNAc(b1-3)Gal(b1-4)GlcNAc(b1-2)Man(a1-6)[Neu5Ac(a2-6)Gal(b1-4)GlcNAc(b1-3)Gal(b1-4)GlcNAc(b1-3)Gal(b1-4)GlcNAc(b1-2)Man(a1-3)]Man(b1-4)GlcNAc(b1-4)GlcNAc(b1-Sp12,16.641266157031513,11.623820086070173,49.12986252715007
Neu5Ac(a2-3)Gal(b1-4)GlcNAc(b1-3)Gal(b1-4)GlcNAc(b1-3)Gal(b1-4)GlcNAc(b1-2)Man(a1-6)[Neu5Ac(a2-3)Gal(b1-4)GlcNAc(b1-3)Gal(b1-4)GlcNAc(b1-3)Gal(b1-4)GlcNAc(b1-2)Man(a1-3)]Man(b1-4)GlcNAc(b1-4)GlcNAc(b1-Sp12,36.52711479887214,37.00350034370649,64.31099642160707
Neu5Ac(a2-6)Gal(b1-4)GlcNAc(b1-3)Gal(b1-4)GlcNAc(b1-2)Man(a1-6)[Neu5Ac(a2-6)Gal(b1-4)GlcNAc(b1-3)Gal(b1-4)GlcNAc(b1-2)Man(a1-3)]Man(b1-4)GlcNAc(b1-4)GlcNAc(b1-Sp12,13.263945081152633,3.625905005190611,17.511229422359314
GlcNAc(b1-3)Fuc(a1-Sp21,4.818409339190689,10.788222323866274,16.058751081471648
Gal(b1-3)GalNAc(b1-4)[Neu5Ac(a2-8)Neu5Ac(a2-8)Neu5Ac(a2-3)]Gal(b1-4)Glc(b1-Sp21,12.231945972193742,6.057035794498272,13.832677372168412
