IUPAC,WGA 0.01ug,WGA 0.1ug/ml,WGA 1ug/ml,WGA 10ug/ml,WGA 100ug/ml
Gal(a1-Sp8,63.1842,47.6598,81.95615,177.79235,415.424025
Glc(a1-Sp8,21.82435,68.55865,95.506475,262.644475,425.362925
Man(a1-Sp8,33.98215,83.7629,95.2507,144.717225,230.69895
GalNAc(a1-Sp8,62.322975,752.0685,2136.408475,5307.022225,14967.44768
GalNAc(a1-Sp15,31.0441,22.806775,47.60265,50.718575,139.976825
Fuc(a1-Sp8,24.8523,9.1208,12.140975,40.846475,57.7937
Fuc(a1-Sp9,32.046275,5.803325,5.7574,20.163425,37.216875
Rha(a1-Sp8,17.2012,20.1475,20.439375,17.7803,72.6612
Neu5Ac(a1-Sp8,68.583775,76.349225,76.79125,188.469675,309.7652
Neu5Ac(a1-Sp11,38.66485,13.280675,30.3083,11.150725,126.250225
Neu5Ac(b1-Sp8,41.717225,12.6621,11.383075,19.057925,255.81425
Gal(b1-Sp8,19.876775,16.547875,21.250025,34.42855,207.9804
Glc(b1-Sp8,31.700575,48.083025,70.80945,274.596825,429.014025
Man(b1-Sp8,22.0703,29.3578,50.44445,88.716175,211.166025
GalNAc(b1-Sp8,65.3714,569.3504,2231.647625,5615.024975,7040.344375
GlcNAc(b1-Sp0,106.3036,3437.95425,6200.440675,9635.0464,13242.03913
GlcNAc(b1-Sp8,498.833525,6017.72705,16958.58658,16952.71758,19268.44065
GlcN[Gc](b1-Sp8,35.16185,9.806325,22.004,14.99345,38.5123
Gal(b1-4)GlcNAc(b1-6)[Gal(b1-4)GlcNAc(b1-3)]GalNAc(a1-Sp8,37.9415,24.7513,984.965275,11328.45815,22627.11888
Gal(b1-4)GlcNAc(b1-6)[Gal(b1-4)GlcNAc(b1-3)]GalNAc(a1-Sp14,19.763975,17.6979,11.449475,9.347975,133.243625
GlcNAc(b1-6)[GlcNAc(b1-4)][GlcNAc(b1-3)]GlcNAc(a1-Sp8,17.7454,81.834475,150.003425,458.012,2961.80525
6S(3S)Gal(b1-4)(6S)GlcNAc(b1-Sp0,7.605975,21.699925,28.723925,24.762275,660.7832
6S(3S)Gal(b1-4)GlcNAc(b1-Sp0,30.514,7.681475,49.6366,107.904675,146.417825
(3S)Gal(b1-4)[Fuc(a1-3)](6S)Glc(a1-Sp0,76.89935,107.9506,34.2572,46.112225,359.149125
(3S)Gal(b1-4)Glc(b1-Sp8,37.3463,10.29535,86.40935,191.538325,245.5866
(3S)Gal(b1-4)(6S)Glc(b1-Sp0,17.967775,29.02765,29.9763,45.334475,148.757475
(3S)Gal(b1-4)(6S)Glc(b1-Sp8,16.42255,15.91275,25.397525,22.8483,48.842975
(3S)Gal(b1-3)[Fuc(a1-4)]GlcNAc(b1-Sp8,4.750125,9.70725,14.96115,23.94485,29.6029
(3S)Gal(b1-3)GalNAc(a1-Sp8,15.798825,18.59815,32.254975,145.801975,145.792825
(3S)Gal(b1-3)GlcNAc(b1-Sp0,88.67285,10.417325,14.430125,13.882225,48.9244
(3S)Gal(b1-3)GlcNAc(b1-Sp8,20.3747,6.85165,13.8503,8.148975,11.287975
(3S)Gal(b1-4)[Fuc(a1-3)]GlcNAc(a1-Sp0 ,37.1307,4.9775,20.849525,24.775775,17.261975
(3S)Gal(b1-4)[Fuc(a1-3)]GlcNAc(a1-Sp8,13.3264,2.605175,15.266375,3.91335,3.465975
(3S)Gal(b1-4)(6S)GlcNAc(b1-Sp0,20.6289,30.002775,396.824175,4262.6308,8733.209
(3S)Gal(b1-4)(6S)GlcNAc(b1-Sp8,28.00975,24.3904,648.40165,5686.42875,18870.5473
(3S)Gal(b1-4)GlcNAc(b1-Sp0,14.415725,97.18175,828.3538,6405.77125,15985.33915
(3S)Gal(b1-4)GlcNAc(b1-Sp8,21.08105,144.582975,781.20315,3656.902625,13509.95178
(3S)Gal(b1-Sp8,18.260525,11.551225,8.232575,33.812275,40.09155
(6S)(4S)Gal(b1-4)GlcNAc(b1-Sp0,1.92195,12.84935,13.2003,19.589575,122.046575
(4S)Gal(b1-4)GlcNAc(b1-Sp8,23.354025,164.054375,839.969925,8519.65905,13390.7112
(6P)Man(a1-Sp8,20.0093,15.264225,23.857525,24.293825,213.321075
(6S)Gal(b1-4)Glc(b1-Sp0,13.13725,9.57285,30.5114,10.0423,132.12675
(6S)Gal(b1-4)Glc(b1-Sp8,8.1968,25.279475,49.068625,28.037825,75.710475
(6S)Gal(b1-4)GlcNAc(b1-Sp8,9.5611,13.665825,22.651525,50.07545,1044.6074
(6S)Gal(b1-4)(6S)Glc(b1-Sp8,15.018825,20.064125,2.25445,5.244675,308.717525
Neu5Ac(a2-3)(6S)Gal(b1-4)GlcNAc(b1-Sp8,6.517175,-1.4359,19.509675,51.63725,3627.830575
(6S)GlcNAc(b1-Sp8,266.1342,8255.2373,21238.92003,35055.1758,29366.67448
"Neu5,9Ac2(a1-Sp8",7.092275,25.40215,50.3907,65.568475,364.880525
"Neu5,9Ac2(a2-6)Gal(b1-4)GlcNAc(b1-Sp8",2.7275,13.24265,7.938625,8.990575,93.213275
Man(a1-6)[Man(a1-3)]Man(b1-4)GlcNAc(b1-4)GlcNAc(b1-Sp12,22.2192,31.687425,131.135125,1574.1382,9013.87755
Man(a1-6)[Man(a1-3)]Man(b1-4)GlcNAc(b1-4)GlcNAc(b1-Sp13,17.652075,58.972925,694.19255,6229.2928,14916.96602
GlcNAc(b1-2)Man(a1-6)[GlcNAc(b1-2)Man(a1-3)]Man(b1-4)GlcNAc(b1-4)GlcNAc(b1-Sp12,5.832575,65.452325,5581.022125,18617.9263,25381.42992
GlcNAc(b1-2)Man(a1-6)[GlcNAc(b1-2)Man(a1-3)]Man(b1-4)GlcNAc(b1-4)GlcNAc(b1-Sp13,5.38385,79.919325,4292.74135,19325.47215,30299.51033
Gal(b1-4)GlcNAc(b1-2)Man(a1-6)[Gal(b1-4)GlcNAc(b1-2)Man(a1-3)]Man(b1-4)GlcNAc(b1-4)GlcNAc(b1-Sp12,0.9082,29.3288,2729.981025,25573.07245,35802.55977
Neu5Ac(a2-6)Gal(b1-4)GlcNAc(b1-2)Man(a1-6)[Neu5Ac(a2-6)Gal(b1-4)GlcNAc(b1-2)Man(a1-3)]Man(b1-4)GlcNAc(b1-4)GlcNAc(b1-Sp12,4.548275,-1.19995,18.26535,2307.359,16906.45318
Neu5Ac(a2-6)Gal(b1-4)GlcNAc(b1-2)Man(a1-6)[Neu5Ac(a2-6)Gal(b1-4)GlcNAc(b1-2)Man(a1-3)]Man(b1-4)GlcNAc(b1-4)GlcNAc(b1-Sp13,12.57645,11.244025,59.783475,7271.810525,14431.13433
Neu5Ac(a2-6)Gal(b1-4)GlcNAc(b1-2)Man(a1-6)[Neu5Ac(a2-6)Gal(b1-4)GlcNAc(b1-2)M(an-a)(a1-3)]Man(b1-4)GlcNAc(b1-4)GlcNAc(b1-Sp21,20.95365,3858.06145,33513.80122,37168.56957,38418.11725
Neu5Ac(a2-6)Gal(b1-4)GlcNAc(b1-2)Man(a1-6)[Neu5Ac(a2-6)Gal(b1-4)GlcNAc(b1-2)Man(a1-3)]Man(b1-4)GlcNAc(b1-4)GlcNAc(b1-Sp24,23.906525,11.174375,57.797,1415.7464,8882.117275
Fuc(a1-2)Gal(b1-3)GalNAc(b1-3)Gal(a1-Sp9,10.7541,3.396825,14.5061,14.118625,29.102475
Fuc(a1-2)Gal(b1-3)GalNAc(b1-3)Gal(a1-4)Gal(b1-4)Glc(b1-Sp9,20.78985,7.073575,14.8201,30.887275,22.590425
Fuc(a1-2)Gal(b1-3)[Fuc(a1-4)]GlcNAc(b1-Sp8,16.223075,26.12875,23.159575,6.949,47.5988
Fuc(a1-2)Gal(b1-3)GalNAc(a1-Sp8,10.28295,0.783425,1.2631,1.0412,4.387025
Fuc(a1-2)Gal(b1-3)GalNAc(a1-Sp14,9.663975,2.372125,3.125675,27.8114,69.50795
Fuc(a1-2)Gal(b1-3)GalNAc(b1-4)[Neu5Ac(a2-3)]Gal(b1-4)Glc(b1-Sp0,8.127075,15.592275,26.523625,14.376225,69.887
Fuc(a1-2)Gal(b1-3)GalNAc(b1-4)[Neu5Ac(a2-3)]Gal(b1-4)Glc(b1-Sp9,13.788725,19.08095,43.5688,45.186525,163.7454
Fuc(a1-2)Gal(b1-3)GlcNAc(b1-3)Gal(b1-4)Glc(b1-Sp8,11.857875,2.748425,7.481175,5.1909,33.59635
Fuc(a1-2)Gal(b1-3)GlcNAc(b1-3)Gal(b1-4)Glc(b1-Sp10,5.656525,-1.783,1.96865,4.23415,1.360775
Fuc(a1-2)Gal(b1-3)GlcNAc(b1-Sp0,14.65885,4.60065,11.934525,6.89155,31.859825
Fuc(a1-2)Gal(b1-3)GlcNAc(b1-Sp8,8.954575,12.579575,29.739025,8.7879,144.24555
Fuc(a1-2)Gal(b1-4)[Fuc(a1-3)]GlcNAc(b1-3)Gal(b1-4)[Fuc(a1-3)]GlcNAc(b1-Sp0,12.98815,12.225725,10.789925,9.590425,144.713175
Fuc(a1-2)Gal(b1-4)[Fuc(a1-3)]GlcNAc(b1-3)Gal(b1-4)[Fuc(a1-3)]GlcNAc(b1-3)Gal(b1-4)[Fuc(a1-3)]GlcNAc(b1-Sp0,11.09245,8.83755,9.5599,19.251025,11.016425
Fuc(a1-2)Gal(b1-4)[Fuc(a1-3)]GlcNAc(b1-Sp0,10.749075,5.7372,43.896025,24.825625,153.040425
Fuc(a1-2)Gal(b1-4)[Fuc(a1-3)]GlcNAc(b1-Sp8,8.750825,16.747025,19.5846,18.596975,26.950175
Fuc(a1-2)Gal(b1-4)GlcNAc(b1-3)Gal(b1-4)GlcNAc(b1-Sp0,20.734575,433.41155,14195.20353,27001.02292,33437.8798
Fuc(a1-2)Gal(b1-4)GlcNAc(b1-3)Gal(b1-4)GlcNAc(b1-3)Gal(b1-4)GlcNAc(b1-Sp0,2.02985,353.2829,15441.11335,21386.90662,38479.58347
Fuc(a1-2)Gal(b1-4)GlcNAc(b1-Sp0,20.699375,16.0242,65.4486,853.614325,2026.066525
Fuc(a1-2)Gal(b1-4)GlcNAc(b1-Sp8,18.76105,250.8962,6765.36765,21793.9959,35351.79263
Fuc(a1-2)Gal(b1-4)Glc(b1-Sp0,51.769375,15.020525,24.9708,13.294725,44.5441
Fuc(a1-2)Gal(b1-Sp8,16.888025,14.756975,21.7793,6.1623,38.197825
Fuc(a1-3)GlcNAc(b1-Sp8,6.979375,15.128625,4.1056,19.219975,21.608125
Fuc(a1-4)GlcNAc(b1-Sp8,5.809225,7.595575,10.09745,5.8593,2.565175
Fuc(b1-3)GlcNAc(b1-Sp8,18.513425,10.290725,2.993875,15.1242,2.701375
GalNAc(a1-3)[Fuc(a1-2)]Gal(b1-3)GlcNAc(b1-Sp0,11.267225,8.77765,2.799175,16.60265,89.67155
GalNAc(a1-3)[Fuc(a1-2)]Gal(b1-4)[Fuc(a1-3)]GlcNAc(b1-Sp0,48.598575,16.493575,33.983025,43.304,413.233325
(3S)Gal(b1-4)[Fuc(a1-3)]Glc(b1-Sp0,13.350225,48.617475,127.29145,102.9756,172.346425
GalNAc(a1-3)[Fuc(a1-2)]Gal(b1-4)GlcNAc(b1-Sp0,24.512,1673.600625,389.8109,8807.016575,2848.9054
GalNAc(a1-3)[Fuc(a1-2)]Gal(b1-4)GlcNAc(b1-Sp8,311.152075,7666.1722,32701.96595,30990.41455,22450.96593
GalNAc(a1-3)[Fuc(a1-2)]Gal(b1-4)Glc(b1-Sp0,8.235275,7.77675,11.39655,25.6895,1150.669775
GlcNAc(b1-3)Gal(b1-3)GalNAc(a1-Sp8,18.856875,879.167475,2239.692,2905.3462,7893.67205
GalNAc(a1-3)[Fuc(a1-2)]Gal(b1-Sp8,14.582825,1614.024375,5638.8711,12883.33252,13013.6062
GalNAc(a1-3)[Fuc(a1-2)]Gal(b1-Sp18,5.223125,47.3462,1318.095325,7085.7823,17991.95758
GalNAc(a1-3)GalNAc(b1-Sp8,-1.8617,15.748075,87.01545,771.9728,9135.2417
GalNAc(a1-3)Gal(b1-Sp8,117.06035,6500.548975,13285.92115,21136.34995,30198.7121
GalNAc(a1-4)[Fuc(a1-2)]Gal(b1-4)GlcNAc(b1-Sp8,227.71875,5263.358225,26100.92275,39924.49265,38238.76197
GalNAc(b1-3)GalNAc(a1-Sp8,12.785975,8.93195,7.9977,27.967125,41.74205
GalNAc(b1-3)[Fuc(a1-2)]Gal(b1-Sp8,10.4606,12.52355,21.3598,37.09825,550.77595
GalNAc(b1-3)Gal(a1-4)Gal(b1-4)GlcNAc(b1-Sp0,73.677675,1373.32055,8588.859775,28137.08978,34270.82635
GalNAc(b1-4)[Fuc(a1-3)]GlcNAc(b1-Sp0,265.58465,10070.96908,35298.08273,33390.11413,35755.2478
GalNAc(b1-4)GlcNAc(b1-Sp0,355.3621,6043.7704,28496.73178,32928.38373,35477.4303
GalNAc(b1-4)GlcNAc(b1-Sp8,725.52165,8129.885325,34644.66638,38601.50423,37501.98765
Gal(a1-2)Gal(b1-Sp8,13.948575,20.7702,35.327125,49.357525,150.2055
Gal(a1-3)[Fuc(a1-2)]Gal(b1-3)GlcNAc(b1-Sp0,-0.980925,89.11045,121.685225,293.334725,286.586575
Gal(a1-3)[Fuc(a1-2)]Gal(b1-3)GlcNAc(b1-Sp8,25.2559,51.03755,71.28475,50.225625,122.53225
Gal(a1-3)[Fuc(a1-2)]Gal(b1-4)[Fuc(a1-3)]GlcNAc(b1-Sp0,25.887725,17.6639,19.000725,33.0061,201.787775
Gal(a1-3)[Fuc(a1-2)]Gal(b1-4)[Fuc(a1-3)]GlcNAc(b1-Sp8,10.635575,5.361175,7.669475,19.251575,23.8392
Gal(a1-3)[Fuc(a1-2)]Gal(b1-4)GlcNAc(a1-Sp0,39.3348,813.017525,25875.05268,33737.38305,35736.27313
Gal(a1-3)[Fuc(a1-2)]Gal(b1-4)Glc(b1-Sp0,13.427075,15.80825,15.6734,1.612,38.69165
Gal(a1-3)[Fuc(a1-2)]Gal(b1-Sp8,10.987875,6.07595,10.595075,13.19285,36.15065
Gal(a1-3)[Fuc(a1-2)]Gal(b1-Sp18,23.3831,5.568475,12.98395,6.97835,48.839325
Gal(a1-4)[Gal(a1-3)]Gal(b1-4)GlcNAc(b1-Sp8,145.3217,7114.14125,34221.59323,38570.15345,38026.19083
Gal(a1-3)GalNAc(a1-Sp8,51.915275,26.59225,26.9816,55.16855,87.639975
Gal(a1-3)GalNAc(a1-Sp16,7.4626,10.428775,14.496375,26.4058,59.366075
Gal(a1-3)GalNAc(b1-Sp8,10.27535,0.87045,5.0434,22.159125,47.307975
Gal(a1-3)Gal(b1-4)[Fuc(a1-3)]GlcNAc(b1-Sp8,10.9262,6.47525,30.3437,24.8418,108.565975
Gal(a1-3)Gal(b1-3)GlcNAc(b1-Sp0,10.707925,27.1927,41.076425,78.4692,118.71405
Gal(a1-3)Gal(b1-4)GlcNAc(b1-Sp8,17.750375,276.7258,4812.500825,18080.0925,32478.6734
Gal(a1-3)Gal(b1-4)Glc(b1-Sp0,12.23425,28.418525,12.606175,10.443075,48.472025
Gal(a1-3)Gal(b1-4)Glc(a1-Sp10,8.73235,6.752075,13.86585,1.8203,24.56405
Gal(a1-3)Gal(b1-Sp8,29.522575,12.90085,16.59545,12.23485,462.39575
Gal(a1-4)[Fuc(a1-2)]Gal(b1-4)GlcNAc(b1-Sp8,25.919975,3159.2513,27268.89583,35501.1784,34662.50872
Gal(a1-4)Gal(b1-4)GlcNAc(b1-Sp0,33.92195,534.197925,13507.3219,29035.28553,29567.81283
Gal(a1-4)Gal(b1-4)GlcNAc(b1-Sp8,30.686125,1528.948325,16993.48218,33188.43593,35938.4625
Gal(a1-4)Gal(b1-4)Glc(b1-Sp0,11.6243,10.8705,15.9435,60.46395,75.56515
Gal(a1-4)GlcNAc(b1-Sp8,54.94515,31.278825,19.196525,25.3211,337.20935
Gal(a1-6)Glc(b1-Sp8,15.519825,15.013975,23.697175,-3.548025,143.162725
Gal(b1-2)Gal(b1-Sp8,13.50345,27.65575,50.4763,147.64255,334.314975
Gal(b1-3)[Fuc(a1-4)]GlcNAc(b1-3)Gal(b1-4)[Fuc(a1-3)]GlcNAc(b1-Sp0,13.164425,8.813625,15.54405,13.436175,116.17335
Gal(b1-3)[Fuc(a1-4)]GlcNAc(b1-3)Gal(b1-4)GlcNAc(b1-Sp0,2.26655,10.263925,6.307275,9.217325,57.436875
Gal(b1-3)[Fuc(a1-4)]GlcNAc(a1-Sp0,12.569325,14.418125,28.32735,62.1997,65.9084
Gal(b1-3)[Fuc(a1-4)]GlcNAc(a1-Sp8 ,11.771175,9.374825,5.690125,23.242775,12.4715
Fuc(a1-4)[Gal(b1-3)]GlcNAc(b1-Sp8,0.2048,11.2005,3.57315,19.280675,8.510225
Gal(b1-4)GlcNAc(b1-6)GalNAc(a1-Sp8,526.527775,10640.17595,32015.86203,33415.6575,35336.01218
Gal(b1-4)GlcNAc(b1-6)GalNAc(a1-Sp14,38.82325,11.2384,15.436225,23.27465,132.3493
GlcNAc(b1-6)[Gal(b1-3)]GalNAc(a1-Sp8,246.08565,2369.10965,6339.8501,8839.409675,22678.36418
GlcNAc(b1-6)[Gal(b1-3)]GalNAc(a1-Sp14,2.26505,16.4293,6.9613,-2.35555,64.8047
Neu5Ac(a2-6)[Gal(b1-3)]GalNAc(a1-Sp8,5.98565,-0.560575,-0.6884,4.516975,5.26875
Neu5Ac(a2-6)[Gal(b1-3)]GalNAc(a1-Sp14,6.33635,10.937525,6.52805,4.2031,54.390325
Neu5Ac(b2-6)[Gal(b1-3)]GalNAc(a1-Sp8,3.32375,-7.3728,4.22755,19.921175,22.084275
Neu5Ac(a2-6)[Gal(b1-3)]GlcNAc(b1-4)Gal(b1-4)Glc(b1-Sp10,3.952925,5.129625,19.1129,17.092575,49.913925
Gal(b1-3)GalNAc(a1-Sp8,12.064025,6.298975,13.37915,23.156075,81.293625
Gal(b1-3)GalNAc(a1-Sp14,15.48725,0.06645,8.832675,6.2163,123.869075
Gal(b1-3)GalNAc(a1-Sp16,10.918875,17.382575,3.905875,24.3585,335.1243
Gal(b1-3)GalNAc(b1-Sp8,12.11,19.1256,6.683575,9.61,47.62405
Gal(b1-3)GalNAc(b1-3)Gal(a1-4)Gal(b1-4)Glc(b1-Sp0,20.04495,2.329375,31.3929,23.371075,81.14265
Gal(b1-3)GalNAc(b1-4)[Neu5Ac(a2-3)]Gal(b1-4)Glc(b1-Sp0,-1.93735,0.17115,7.5263,4.41105,62.3937
Gal(b1-3)GalNAc(b1-4)Gal(b1-4)Glc(b1-Sp8,23.7786,7.8591,30.114925,41.662825,43.37065
Gal(b1-3)Gal(b1-Sp8,2.00055,6.9158,12.6041,4.113025,50.57895
Gal(b1-3)GlcNAc(b1-3)Gal(b1-4)GlcNAc(b1-Sp0,4.013225,35.650525,1802.159,9384.81515,26069.4472
Gal(b1-3)GlcNAc(b1-3)Gal(b1-4)Glc(b1-Sp10,13.96215,19.133625,5.053875,13.621575,19.86725
Gal(b1-3)GlcNAc(b1-Sp0,13.93765,6.1629,20.35555,3.84375,34.324725
Gal(b1-3)GlcNAc(b1-Sp8,22.36035,72.02725,208.24205,581.049625,1527.533025
Gal(b1-4)[Fuc(a1-3)]GlcNAc(b1-Sp0,11.923475,19.941625,11.0287,63.924325,250.985075
Gal(b1-4)[Fuc(a1-3)]GlcNAc(b1-Sp8,22.22555,11.12545,6.79845,44.879225,21.534075
Gal(b1-4)[Fuc(a1-3)]GlcNAc(b1-4)Gal(b1-4)[Fuc(a1-3)]GlcNAc(b1-Sp0,7.3394,47.92755,76.45935,93.636325,128.220775
Gal(b1-4)[Fuc(a1-3)]GlcNAc(b1-4)Gal(b1-4)[Fuc(a1-3)]GlcNAc(b1-4)Gal(b1-4)[Fuc(a1-3)]GlcNAc(b1-Sp0,4.729275,4.111325,10.784275,25.965175,46.6171
Gal(b1-4)(6S)Glc(b1-Sp0,4.9415,9.1973,18.935975,11.137025,374.465825
Gal(b1-4)(6S)Glc(b1-Sp8,12.8576,18.939025,30.93245,60.525175,93.4697
Gal(b1-4)GalNAc(a1-3)[Fuc(a1-2)]Gal(b1-4)GlcNAc(b1-Sp8,7.52725,607.524975,14208.782,23331.53628,28760.67135
Gal(b1-4)GalNAc(b1-3)[Fuc(a1-2)]Gal(b1-4)GlcNAc(b1-Sp8,3.457275,159.804925,421.714575,4287.5801,11374.8033
Gal(b1-4)GlcNAc(b1-3)GalNAc(a1-Sp8,12.747375,6.631625,26.2993,37.41325,14.7471
Gal(b1-4)GlcNAc(b1-3)GalNAc(a1-Sp14,10.701475,11.8314,6.626425,36.538225,84.6023
Gal(b1-4)GlcNAc(b1-3)Gal(b1-4)[Fuc(a1-3)]GlcNAc(b1-3)Gal(b1-4)[Fuc(a1-3)]GlcNAc(b1-Sp0,10.215,6.769225,9.4564,16.04955,68.26965
Gal(b1-4)GlcNAc(b1-3)Gal(b1-4)GlcNAc(b1-3)Gal(b1-4)GlcNAc(b1-Sp0,9.1907,186.46555,3414.923275,11842.67933,27753.89638
Gal(b1-4)GlcNAc(b1-3)Gal(b1-4)GlcNAc(b1-Sp0,3.24275,268.76955,8318.96165,22306.56823,33622.90055
Gal(b1-4)GlcNAc(b1-3)Gal(b1-4)Glc(b1-Sp0,5.147825,4.4377,7.555875,592.378525,3896.410475
Gal(b1-4)GlcNAc(b1-3)Gal(b1-4)Glc(b1-Sp8,15.125175,27.441025,19.197475,901.1748,745.381625
Gal(b1-4)GlcNAc(b1-6)[Gal(b1-3)]GalNAc(a1-Sp8,28.50395,122.53595,2202.3434,21117.80738,29450.00707
Gal(b1-4)GlcNAc(b1-6)[Gal(b1-3)]GalNAc(a1-Sp14,10.18805,5.931625,7.291875,24.734025,72.5641
Gal(b1-4)GlcNAc(b1-Sp0,160.7837,6395.10605,12226.13903,20240.08508,27035.51498
Gal(b1-4)GlcNAc(b1-Sp8,29.886275,631.0735,7648.3781,10460.92408,27276.47938
Gal(b1-4)GlcNAc(b1-Sp23,13.72795,142.706175,3625.147725,10787.04618,30927.97955
Gal(b1-4)Glc(b1-Sp0,23.4929,-1.264625,10.31575,14.0436,109.3657
Gal(b1-4)Glc(b1-Sp8,14.25225,4.28315,9.082125,21.87195,124.678925
GlcNAc(a1-3)Gal(b1-4)GlcNAc(b1-Sp8,378.3397,4991.13005,32060.8388,38860.24202,39827.98082
GlcNAc(a1-6)Gal(b1-4)GlcNAc(b1-Sp8,18.74,1210.76565,4147.257525,10316.62065,24978.64853
GlcNAc(b1-2)Gal(b1-3)GalNAc(a1-Sp8,59.626175,4553.0311,15773.75913,29493.36278,31825.94753
GlcNAc(b1-6)[GlcNAc(b1-3)]GalNAc(a1-Sp8,98.751575,2187.680875,11459.47928,28269.59143,28789.74757
GlcNAc(b1-6)[GlcNAc(b1-3)]GalNAc(a1-Sp14,14.368075,22.30375,26.539375,31.157375,81.0085
GlcNAc(b1-6)[GlcNAc(b1-3)]Gal(b1-4)GlcNAc(b1-Sp8,197.2024,7562.6705,34002.61693,35185.114,37181.57915
GlcNAc(b1-3)GalNAc(a1-Sp8,15.61885,5.0344,22.074575,34.66075,67.735925
GlcNAc(b1-3)GalNAc(a1-Sp14,12.97145,9.0225,14.3767,3.972025,34.5785
GlcNAc(b1-3)Gal(b1-Sp8,18.82425,15.616975,106.131525,275.868675,2031.749525
GlcNAc(b1-3)Gal(b1-4)GlcNAc(b1-Sp0,275.10725,8321.8321,29162.3866,28804.85845,22900.15802
GlcNAc(b1-3)Gal(b1-4)GlcNAc(b1-Sp8,78.081125,3286.51215,14547.69778,35756.33513,20002.06543
GlcNAc(b1-3)Gal(b1-4)GlcNAc(b1-3)Gal(b1-4)GlcNAc(b1-Sp0,432.372775,9660.050375,35718.33248,34474.0225,25192.59082
GlcNAc(b1-3)Gal(b1-4)Glc(b1-Sp0,18.7994,721.99265,1358.632375,3140.4715,13442.74502
GlcNAc(b1-4)(a1-MDPLys,237.14125,9152.008825,23223.6889,27346.35988,28309.13075
GlcNAc(b1-6)[GlcNAc(b1-4)]GalNAc(a1-Sp8,185.548425,6043.2741,14357.87858,27879.1472,24653.30002
GlcNAc(b1-4)Gal(b1-4)GlcNAc(b1-Sp8,4.555975,51.43135,5152.437925,13709.35135,24427.67375
GlcNAc(b1-4)GlcNAc(b1-4)GlcNAc(b1-4)GlcNAc(b1-4)GlcNAc(b1-4)GlcNAc(b1-Sp8,525.34645,9366.16985,25008.54493,28468.6538,27739.93978
GlcNAc(b1-4)GlcNAc(b1-4)GlcNAc(b1-4)GlcNAc(b1-4)GlcNAc(b1-Sp8,382.8771,8919.46195,24152.48733,29243.28322,30296.00722
GlcNAc(b1-4)GlcNAc(b1-4)GlcNAc(b1-Sp8,564.414825,8798.573675,28053.60218,30064.13147,31571.29368
GlcNAc(b1-6)GalNAc(a1-Sp8,328.88945,8979.5163,29109.48062,30718.47663,32197.85955
GlcNAc(b1-6)GalNAc(a1-Sp14,22.0415,28.049125,50.3075,200.9548,1816.886375
GlcNAc(b1-6)Gal(b1-4)GlcNAc(b1-Sp8,377.580725,6204.9939,32057.6074,35652.8718,36059.10693
Glc(a1-4)Glc(b1-Sp8,20.02655,13.87125,28.5436,39.859825,83.40925
Glc(a1-4)Glc(a1-Sp8,11.03125,6.350175,6.007225,5.8059,55.725925
Glc(a1-6)Glc(a1-6)Glc(b1-Sp8,16.91575,11.69445,17.685575,24.140475,29.440075
Glc(b1-4)Glc(b1-Sp8,12.661925,22.86395,26.58745,32.6412,66.4661
Glc(b1-6)Glc(b1-Sp8,4.32755,5.563775,15.061075,42.0324,32.3466
G-ol(a1-Sp8,20.552525,6.628675,18.437475,12.849,155.5265
GlcA(a1-Sp8,21.9603,0.8402,5.437825,22.089325,98.5621
GlcA(b1-Sp8,47.281825,94.210525,51.28125,86.147825,228.213475
GlcA(b1-3)Gal(b1-Sp8,17.469375,3.5138,13.522825,8.210025,71.316625
GlcA(b1-6)Gal(b1-Sp8,29.43915,13.4577,26.90525,16.792475,39.69475
KDN(a2-3)Gal(b1-3)GlcNAc(b1-Sp0,21.370725,4.8506,9.48655,19.951875,73.963725
KDN(a2-3)Gal(b1-4)GlcNAc(b1-Sp0,4.75505,10.894325,44.9373,3755.9331,14776.40325
Man(a1-2)Man(a1-2)Man(a1-3)Man(a1-Sp9,4.75835,3.70655,17.26505,9.808725,31.137825
Man(a1-2)Man(a1-6)[Man(a1-2)Man(a1-3)]Man(a1-Sp9,8.057025,11.8013,8.012175,9.54915,6.919
Man(a1-2)Man(a1-3)Man(a1-Sp9,1.739325,11.792075,17.3138,33.773125,59.65465
Man(a1-6)[Man(a1-2)Man(a1-3)]Man(a1-6)[Man(a1-2)Man(a1-3)]Man(b1-4)GlcNAc(b1-4)GlcNAc(b1-Sp12,2.689175,10.210775,11.1532,31.1574,3449.469875
Man(a1-2)Man(a1-6)[Man(a1-3)]Man(a1-6)[Man(a1-2)Man(a1-2)Man(a1-3)]Man(b1-4)GlcNAc(b1-4)GlcNAc(b1-Sp12,-1.6571,5.341525,1.863175,3713.683375,6324.374575
Man(a1-2)Man(a1-6)[Man(a1-2)Man(a1-3)]Man(a1-6)[Man(a1-2)Man(a1-2)Man(a1-3)]Man(b1-4)GlcNAc(b1-4)GlcNAc(b1-Sp12,16.30595,60.81165,44.99295,68.1895,328.76445
Man(a1-6)[Man(a1-3)]Man(a1-Sp9,26.864325,12.9615,5.3619,17.49155,79.3221
Man(a1-2)Man(a1-2)Man(a1-6)[Man(a1-3)]Man(a1-Sp9,17.2595,-2.834425,26.43845,5.347225,23.9724
Man(a1-6)[Man(a1-3)]Man(a1-6)[Man(a1-2)Man(a1-3)]Man(b1-4)GlcNAc(b1-4)GlcNAc(b1-Sp12,82.90525,124.62045,289.527325,4786.453825,8038.5063
Man(a1-6)[Man(a1-3)]Man(a1-6)[Man(a1-3)]Man(b1-4)GlcNAc(b1-4)GlcNAc(b1-Sp12,3.080325,8.576375,24.78495,1081.4213,4985.471075
Man(b1-4)GlcNAc(b1-Sp0,3.0621,4.455525,14.904075,11.350425,58.422475
Neu5Ac(a2-3)Gal(b1-4)GlcNAc(b1-3)Gal(b1-4)[Fuc(a1-3)]GlcNAc(b1-Sp0,3.71555,6.00175,5.01425,19.312225,46.8685
(3S)Gal(b1-4)[Fuc(a1-3)](6S)GlcNAc(b1-Sp8,5.982725,0.832125,4.03215,22.1273,332.64155
Fuc(a1-2)(6S)Gal(b1-4)GlcNAc(b1-Sp0,14.206925,6.689175,8.57695,24.650275,313.228625
Fuc(a1-2)Gal(b1-4)(6S)GlcNAc(b1-Sp8,23.28785,57.824975,2888.5182,8409.360475,22966.62005
Fuc(a1-2)(6S)Gal(b1-4)(6S)Glc(b1-Sp0,15.122775,0.85055,19.68655,0.266125,93.7066
Neu5Ac(a2-3)Gal(b1-3)GalNAc(a1-Sp8,5.6577,15.48285,120.3051,898.760425,11252.27963
Neu5Ac(a2-3)Gal(b1-3)GalNAc(a1-Sp14,4.185525,2.46555,-4.616775,4.570225,5476.939275
GalNAc(b1-4)[Neu5Ac(a2-8)Neu5Ac(a2-8)Neu5Ac(a2-8)Neu5Ac(a2-3)]Gal(b1-4)Glc(b1-Sp0,23.767875,42.731425,14.903975,6.9525,315.7241
GalNAc(b1-4)[Neu5Ac(a2-8)Neu5Ac(a2-8)Neu5Ac(a2-3)]Gal(b1-4)Glc(b1-Sp0,45.823675,21.447225,43.1986,67.433775,294.6596
Neu5Ac(a2-8)Neu5Ac(a2-8)Neu5Ac(a2-3)Gal(b1-4)Glc(b1-Sp0,11.37275,4.49125,2.8866,1.194375,24.961625
GalNAc(b1-4)[Neu5Ac(a2-8)Neu5Ac(a2-3)]Gal(b1-4)Glc(b1-Sp0,10.444775,7.198,13.76405,7.879625,159.261475
Neu5Ac(a2-8)Neu5Ac(a2-8)Neu5Ac(a1-Sp8,3.977225,16.498825,13.474575,4.620725,11.905325
Neu5Ac(a2-3)(6S)Gal(b1-4)[Fuc(a1-3)]GlcNAc(b1-Sp8,2.26095,-1.90015,7.949375,5.847525,2733.799875
GalNAc(b1-4)[Neu5Ac(a2-3)]Gal(b1-4)GlcNAc(b1-Sp0,13.948625,4.291275,7.496025,22.8725,713.96755
GalNAc(b1-4)[Neu5Ac(a2-3)]Gal(b1-4)GlcNAc(b1-Sp8,10.76505,7.204675,25.086,871.1605,9992.14845
GalNAc(b1-4)[Neu5Ac(a2-3)]Gal(b1-4)Glc(b1-Sp0,9.356,10.68525,6.924625,3.83985,33.139375
Neu5Ac(a2-3)Gal(b1-3)GalNAc(b1-4)[Neu5Ac(a2-3)]Gal(b1-4)Glc(b1-Sp0,47.366325,-4.37705,2.652525,30.357775,1564.898025
Neu5Ac(a2-6)[Neu5Ac(a2-3)]GalNAc(a1-Sp8,8.6866,0.600575,17.073975,18.017425,42.74565
Neu5Ac(a2-3)GalNAc(a1-Sp8,8.484925,3.8035,0.051975,0.781475,19.0238
Neu5Ac(a2-3)GalNAc(b1-4)GlcNAc(b1-Sp0,-0.862275,69.827725,1605.725675,14804.7139,20214.09025
Neu5Ac(a2-3)Gal(b1-3)(6S)GlcNAc(a1-Sp8,49.3899,29.5119,78.403075,479.267,2247.815825
Neu5Ac(a2-3)Gal(b1-3)[ Fuc(a1-4)]GlcNAc(b1-Sp8,2.199425,0.05115,34.6443,686.458475,7836.297825
Neu5Ac(a2-3)Gal(b1-3)[Fuc(a1-4)]GlcNAc(b1-3)Gal(b1-4)[Fuc(a1-3)]GlcNAc(b1-Sp0,14.755025,70.38215,176.711225,703.9876,4238.337375
Neu5Ac(a2-3)Gal(b1-4)[Neu5Ac(a2-3)Gal(b1-3)]GlcNAc(b1-Sp8,7.421225,30.14835,367.339225,1202.690875,9565.8753
Neu5Ac(a2-3)Gal(b1-3)(6S)GalNAc(a1-Sp8,13.171525,34.5161,530.509075,1508.286425,10289.62078
Neu5Ac(a2-6)[Neu5Ac(a2-3)Gal(b1-3)]GalNAc(a1-Sp8,23.151675,9.594625,54.09475,643.988875,9141.55755
Neu5Ac(a2-6)[Neu5Ac(a2-3)Gal(b1-3)]GalNAc(a1-Sp14,27.538425,131.323075,274.8919,412.381475,2077.09455
Neu5Ac(a2-3)Gal(b1-Sp8,7.5848,7.940275,17.048725,15.166325,671.184075
Neu5Ac(a2-3)Gal(b1-3)GalNAc(b1-3)Gal(a1-4)Gal(b1-4)Glc(b1-Sp0,11.110375,6.5575,23.518075,203.614375,2861.568375
Neu5Ac(a2-3)Gal(b1-3)GlcNAc(b1-3)Gal(b1-4)GlcNAc(b1-Sp0,67.375725,4623.98155,24321.11618,31293.74898,35238.28183
Fuc(a1-2)(6S)Gal(b1-4)Glc(b1-Sp0,10.566125,0.288025,14.942175,-3.148825,53.611875
Neu5Ac(a2-3)Gal(b1-3)GlcNAc(b1-Sp0,14.118175,6.897075,43.976,701.314325,10024.07975
Neu5Ac(a2-3)Gal(b1-3)GlcNAc(b1-Sp8,6.936075,18.32985,500.5816,2243.748475,15020.84218
Neu5Ac(a2-3)Gal(b1-4)(6S)GlcNAc(b1-Sp8,58.210575,1954.69975,10308.61998,23571.7838,26465.85728
Neu5Ac(a2-3)Gal(b1-4)[Fuc(a1-3)](6S)GlcNAc(b1-Sp8,29.3878,7.28555,6.209425,9.664175,489.882875
Neu5Ac(a2-3)Gal(b1-4)[Fuc(a1-3)]GlcNAc(b1-3)Gal(b1-4)[Fuc(a1-3)]GlcNAc(b1-3)Gal(b1-4)[Fuc(a1-3)]GlcNAc(b1-Sp0,15.3553,8.233,7.87545,19.15775,3404.949575
Neu5Ac(a2-3)Gal(b1-4)[Fuc(a1-3)]GlcNAc(b1-Sp0,1.465575,55.01605,-2.246875,994.304275,488.1793
Neu5Ac(a2-3)Gal(b1-4)[Fuc(a1-3)]GlcNAc(b1-Sp8,7.6519,0.295725,158.35165,1174.931075,11536.25095
Neu5Ac(a2-3)Gal(b1-4)[Fuc(a1-3)]GlcNAc(b1-3)Gal(b1-Sp8,6.709925,-1.607625,9.045975,26.625575,1444.76525
Neu5Ac(a2-3)Gal(b1-4)[Fuc(a1-3)]GlcNAc(b1-3)Gal(b1-4)GlcNAc(b1-Sp8,14.6446,2477.3539,10430.7432,19879.3743,22239.91543
Neu5Ac(a2-3)Gal(b1-4)GlcNAc(b1-3)Gal(b1-4)GlcNAc(b1-3)Gal(b1-4)GlcNAc(b1-Sp0,81.0048,7952.297,31541.4146,35700.15668,37465.44202
Neu5Ac(a2-3)Gal(b1-4)GlcNAc(b1-Sp0,22.6527,2487.57405,11745.0801,23007.69155,28875.55102
Neu5Ac(a2-3)Gal(b1-4)GlcNAc(b1-Sp8,23.86745,3818.840775,16423.4384,32213.9984,28121.47725
Neu5Ac(a2-3)Gal(b1-4)GlcNAc(b1-3)Gal(b1-4)GlcNAc(b1-Sp0,32.102725,3819.7059,20767.93757,35794.52253,34224.25877
Fuc(a1-2)Gal(b1-4)(6S)Glc(b1-Sp0,15.9456,17.798075,11.896575,14.564725,79.226075
Neu5Ac(a2-3)Gal(b1-4)Glc(b1-Sp0,26.1146,-0.012575,15.967525,68.03285,804.87865
Neu5Ac(a2-3)Gal(b1-4)Glc(b1-Sp8,3.45595,9.809225,12.254475,24.255925,516.653925
Neu5Ac(a2-6)GalNAc(a1-Sp8,11.898225,55.103675,1095.218325,2832.287075,6368.47755
Neu5Ac(a2-6)GalNAc(b1-4)GlcNAc(b1-Sp0,404.776575,8541.2903,30694.11853,30160.85745,30573.70528
Neu5Ac(a2-6)Gal(b1-4)(6S)GlcNAc(b1-Sp8,13.113975,9.0722,20.6234,11.23935,171.196425
Neu5Ac(a2-6)Gal(b1-4)GlcNAc(b1-Sp0,0.6673,5.8847,18.713025,31.550825,91.739125
Neu5Ac(a2-6)Gal(b1-4)GlcNAc(b1-Sp8,13.088525,4.6802,3.49435,9.7512,63.72085
Neu5Ac(a2-6)Gal(b1-4)GlcNAc(b1-3)Gal(b1-4)[Fuc(a1-3)]GlcNAc(b1-3)Gal(b1-4)[Fuc(a1-3)]GlcNAc(b1-Sp0,3.62365,7.372625,20.52565,12.801725,118.985575
Neu5Ac(a2-6)Gal(b1-4)GlcNAc(b1-3)Gal(b1-4)GlcNAc(b1-Sp0,4.010475,9.1615,2733.70045,29047.96068,37626.47745
Neu5Ac(a2-6)Gal(b1-4)Glc(b1-Sp0,14.875,12.0387,10.0121,28.7899,611.692725
Neu5Ac(a2-6)Gal(b1-4)Glc(b1-Sp8,27.071,22.584225,26.829325,15.22875,126.133075
Neu5Ac(a2-6)Gal(b1-Sp8,9.2867,16.29095,44.813325,42.088575,145.5271
Neu5Ac(a2-8)Neu5Ac(a1-Sp8,22.428425,22.20885,13.02835,29.12505,98.365025
Neu5Ac(a2-8)Neu5Ac(a2-3)Gal(b1-4)Glc(b1-Sp0,6.517625,-4.7596,-1.04045,1.70495,12.438525
Gal(b1-3)[Fuc(a1-4)]GlcNAc(b1-3)Gal(b1-3)[Fuc(a1-4)]GlcNAc(b1-Sp0,9.091125,3.5123,7.08925,15.527625,11.8558
Neu5Ac(b2-6)GalNAc(a1-Sp8,54.946375,2470.305425,10526.06035,17115.14272,23282.83175
Neu5Ac(b2-6)Gal(b1-4)GlcNAc(b1-Sp8,3.134325,1.5262,7.48295,5.2821,32.4746
Neu5Gc(a2-3)Gal(b1-3)[Fuc(a1-4)]GlcNAc(b1-Sp0,16.7927,3.23035,7.1493,17.29715,35.94665
Neu5Gc(a2-3)Gal(b1-3)GlcNAc(b1-Sp0,5.9438,7.262175,18.75575,20.6202,12.809275
Neu5Gc(a2-3)Gal(b1-4)[Fuc(a1-3)]GlcNAc(b1-Sp0,13.9515,1.138975,10.310675,77.043725,727.127775
Neu5Gc(a2-3)Gal(b1-4)GlcNAc(b1-Sp0,8.10755,10.285225,379.687225,8640.01865,20890.4564
Neu5Gc(a2-3)Gal(b1-4)Glc(b1-Sp0,17.156225,10.916075,8.919525,6.2018,22.910725
Neu5Gc(a2-6)GalNAc(a1-Sp0,7.845825,14.3867,530.986175,3054.304725,7987.395875
Neu5Gc(a2-6)Gal(b1-4)GlcNAc(b1-Sp0,14.034475,7.315975,6.781075,13.09985,107.858
Neu5Gc(a1-Sp8,18.480575,3.950975,18.19825,36.278175,38.664125
Neu5Ac(a2-3)Gal(b1-4)GlcNAc(b1-6)[Gal(b1-3)]GalNAc(a1-Sp14,5.703275,-2.4834,50.742425,245.160725,1655.8061
Gal(b1-3)GlcNAc(b1-3)Gal(b1-3)GlcNAc(b1-Sp0,27.5171,17.848575,4.14985,18.482275,81.381875
Gal(b1-4)[Fuc(a1-3)](6S)GlcNAc(b1-Sp0 ,29.78995,9.72105,23.494525,47.285,139.8647
Gal(b1-4)[Fuc(a1-3)](6S)Glc(b1-Sp0,24.9903,20.2604,16.6667,25.202475,123.9157
Gal(b1-4)[Fuc(a1-3)]GlcNAc(b1-3)Gal(b1-3)[Fuc(a1-4)]GlcNAc(b1-Sp0,16.342875,20.804875,2.732275,21.056625,73.10905
Gal(b1-4)GlcNAc(b1-3)Gal(b1-3)GlcNAc(b1-Sp0,14.174975,4.58835,8.224475,30.6843,1860.1086
Neu5Ac(a2-3)Gal(b1-3)GlcNAc(b1-3)Gal(b1-3)GlcNAc(b1-Sp0,3.411975,7.457375,63.560175,644.72225,8035.039725
Neu5Ac(a2-3)Gal(b1-4)GlcNAc(b1-3)Gal(b1-3)GlcNAc(b1-Sp0,5.5048,5.321975,244.58665,1804.16875,8747.60795
4S(3S)Gal(b1-4)GlcNAc(b1-Sp0,7.5257,305.468925,7681.765625,23399.14403,29883.54948
(6S)Gal(b1-4)(6S)GlcNAc(b1-Sp0,7.765675,24.121575,20.73335,48.21255,1214.30475
(6P)Glc(b1-Sp10,11.853275,48.615525,103.52765,184.89295,258.087175
Neu5Ac(a2-3)Gal(b1-4)[Fuc(a1-3)]GlcNAc(b1-6)[Gal(b1-3)]GalNAc(a1-Sp14,35.715975,23.61585,36.833425,21.569075,236.3812
Gal(b1-3)Gal(b1-4)GlcNAc(b1-Sp8,21.4598,23.61975,16.70365,715.670575,1245.5873
Neu5Ac(a2-6)Gal(b1-4)GlcNAc(b1-2)Man(a1-6)[Gal(b1-4)GlcNAc(b1-2)Man(a1-3)]Man(b1-4)GlcNAc(b1-4)GlcNAc(b1-Sp12,6.1193,5.817,137.410925,8440.39035,24648.59995
Gal(b1-4)GlcNAc(b1-6)[Gal(b1-4)GlcNAc(b1-3)]Gal(b1-4)GlcNAc(a1-Sp0,8.21285,22.6782,445.75095,11857.3914,28612.6341
GlcNAc(b1-6)[Gal(b1-4)GlcNAc(b1-3)]Gal(b1-4)GlcNAc(a1-Sp0,215.6647,7431.471975,35223.92002,35245.74105,39082.91935
Gal(b1-4)GlcNAc(a1-6)Gal(b1-4)GlcNAc(b1-Sp0,10.24575,10.35405,4.3306,879.798725,1704.24795
Gal(b1-4)GlcNAc(b1-6)Gal(b1-4)GlcNAc(b1-Sp0,16.157075,1751.1587,24830.70745,35788.53553,41245.48635
GalNAc(b1-3)Gal(b1-Sp8,13.427725,10.1036,34.947325,37.6857,144.407625
GlcA(b1-3)GlcNAc(b1-Sp8,8.091675,-4.340675,6.3929,4.5051,25.16545
Neu5Ac(a2-6)Gal(b1-4)GlcNAc(b1-2)Man(a1-6)[GlcNAc(b1-2)Man(a1-3)]Man(b1-4)GlcNAc(b1-4)GlcNAc(b1-Sp12,7.81435,6.104625,679.514425,15461.88718,22995.41908
GlcNAc(b1-3)Ma(n1-Sp10,9.910525,179.9396,669.96755,2115.32155,2719.266325
GlcNAc(b1-4)GlcNAc(b1-Sp10,469.130975,8455.93065,32264.87865,35155.71043,34702.38568
GlcNAc(b1-4)GlcNAc(b1-Sp12,434.96215,7936.29375,26937.54778,26435.5289,30753.4668
MurNAc(b1-4)GlcNAc(b1-Sp10,458.3347,7832.7135,27811.71317,30633.60618,32569.80863
Man(a1-6)Man(b1-Sp10,24.5051,7.928575,45.02975,92.32365,121.984325
Man(a1-6)[Man(a1-3)]Man(a1-6)[Man(a1-3)]Man(b1-Sp10,39.173925,9.4334,34.960725,32.931075,41.568275
Man(a1-2)Man(a1-6)[Man(a1-3)]Man(a1-6)[Man(a1-2)Man(a1-2)Man(a1-3)]Man(a1-Sp9,16.52315,6.29945,7.01075,10.5516,84.882925
Man(a1-2)Man(a1-6)[Man(a1-2)Man(a1-3)]Man(a1-6)[Man(a1-2)Man(a1-2)Man(a1-3)]Man(a1-Sp9,22.265425,8.98345,5.1316,6.08955,11.3488
Neu5Ac(a2-3)Gal(b1-4)GlcNAc(b1-6)[Neu5Ac(a2-3)Gal(b1-3)]GalNAc(a1-Sp14,6.7942,1358.91175,8822.129725,18088.1427,23156.80498
Neu5Ac(a2-6)Gal(b1-4)GlcNAc(b1-2)Man(a1-6)[Neu5Ac(a2-3)Gal(b1-4)GlcNAc(b1-2)Man(a1-3)]Man(b1-4)GlcNAc(b1-4)GlcNAc(b1-Sp12,2.706875,914.413475,7252.977275,24953.14598,26913.21633
Gal(b1-4)GlcNAc(b1-2)Man(a1-6)[Neu5Ac(a2-6)Gal(b1-4)GlcNAc(b1-2)Man(a1-3)]Man(b1-4)GlcNAc(b1-4)GlcNAc(b1-Sp12,0.826625,3.030875,44.121325,12087.9354,37362.71015
GlcNAc(b1-2)Man(a1-6)[Neu5Ac(a2-6)Gal(b1-4)GlcNAc(b1-2)Man(a1-3)]Man(b1-4)GlcNAc(b1-4)GlcNAc(b1-Sp12,6.531,6.706125,72.876425,2694.151525,17752.5375
Neu5Ac(a2-8)Neu5Ac(b1-Sp17,5.0919,7.119475,16.6607,23.473675,45.484
Neu5Ac(a2-8)Neu5Ac(a2-8)Neu5Ac(b1-Sp8,6.93475,1.192425,3.956325,29.633675,712.454925
Neu5Gc(b2-6)Gal(b1-4)GlcNAc(a1-Sp8,9.0582,9.9195,12.665175,7.1602,46.3959
Gal(b1-3)GlcNAc(b1-2)Man(a1-6)[Gal(b1-3)GlcNAc(b1-2)Man(a1-3)]Man(b1-4)GlcNAc(b1-4)GlcNAc(b1-Sp19,9.250875,31.982575,397.9538,7685.77455,23364.52315
Neu5Ac(a2-3)Gal(b1-4)GlcNAc(b1-2)Man(a1-6)[Neu5Ac(a2-3)Gal(b1-4)GlcNAc(b1-2)Man(a1-3)]Man(b1-4)GlcNAc(b1-4)GlcNAc(b1-Sp12,47.748825,3246.17885,36947.41925,35424.84638,39333.4827
Neu5Ac(a2-3)Gal(b1-4)GlcNAc(b1-2)Man(a1-6)[Neu5Ac(a2-6)Gal(b1-4)GlcNAc(b1-2)Man(a1-3)]Man(b1-4)GlcNAc(b1-4)GlcNAc(b1-Sp12,9.5745,117.75105,9003.618875,34338.0846,48070.82343
Gal(b1-4)[Fuc(a1-3)]GlcNAc(b1-2)Man(a1-6)[Gal(b1-4)[Fuc(a1-3)]GlcNAc(b1-2)Man(a1-3)]Man(b1-4)GlcNAc(b1-4)GlcNAc(b1-Sp20,13.2958,19.3973,43.296775,2104.9692,7702.587725
"Neu5,9Ac2(a2-3)Gal(b1-4)GlcNAc(b1-Sp0",39.289225,2641.151725,12323.81113,16373.66172,20317.03015
"Neu5,9Ac2(a2-3)Gal(b1-4)GlcNAc(b1-Sp0",16.712425,91.545875,599.6093,2062.470225,11465.40167
Neu5Ac(a2-6)Gal(b1-4)GlcNAc(b1-3)Gal(b1-3)GlcNAc(b1-Sp0,17.4532,-8.59045,0.3311,-27.91675,-8.25805
Neu5Ac(a2-3)Gal(b1-3)[Fuc(a1-4)]GlcNAc(b1-3)Gal(b1-3)[Fuc(a1-4)]GlcNAc(b1-Sp0,11.4534,13.9154,21.491125,102.6226,1570.97305
Neu5Ac(a2-6)Gal(b1-4)GlcNAc(b1-3)Gal(b1-4)GlcNAc(b1-3)Gal(b1-4)GlcNAc(b1-Sp0,2.377725,6.520475,1627.724375,24972.33943,34284.8556
Gal(a1-4)Gal(b1-4)GlcNAc(b1-3)Gal(b1-4)Glc(b1-Sp0,17.126975,1.68815,270.4566,9561.572025,17221.23215
GalNAc(b1-3)Gal(a1-4)Gal(b1-4)GlcNAc(b1-3)Gal(b1-4)Glc(b1-Sp0,9.26015,9.272,17.04545,191.949625,1646.48975
GalNAc(a1-3)[Fuc(a1-2)]Gal(b1-4)GlcNAc(b1-3)Gal(b1-4)GlcNAc(b1-Sp0,255.903625,6523.121175,35074.4756,35475.82953,37984.99555
GalNAc(a1-3)[Fuc(a1-2)]Gal(b1-4)GlcNAc(b1-3)Gal(b1-4)GlcNAc(b1-3)Gal(b1-4)GlcNAc(b1-Sp0,64.98525,4267.677475,31813.17332,36142.71783,37304.2032
Neu5Ac(a2-3)Gal(b1-4)[Fuc(a1-3)]GlcNAc(b1-6)[Neu5Ac(a2-3)Gal(b1-3)]GalNAc(a1-Sp14,27.57915,16.0199,73.46935,44.679025,252.129925
GlcNAc(a1-4)Gal(b1-4)GlcNAc(b1-3)Gal(b1-4)GlcNAc(b1-3)Gal(b1-4)GlcNAc(b1-Sp0,496.35145,8947.467975,37842.2162,34471.48838,36082.94272
GlcNAc(a1-4)Gal(b1-4)GlcNAc(b1-Sp0,256.639875,4037.47765,12282.99422,30058.2222,9623.3756
GlcNAc(a1-4)Gal(b1-3)GlcNAc(b1-Sp0,291.75955,6105.903275,22143.54058,29867.8078,31345.19745
GlcNAc(a1-4)Gal(b1-4)GlcNAc(b1-3)Gal(b1-4)Glc(b1-Sp0,211.03705,5317.77645,26766.86238,39552.31565,23067.75453
GlcNAc(a1-4)Gal(b1-4)GlcNAc(b1-3)Gal(b1-4)[Fuc(a1-3)]GlcNAc(b1-3)Gal(b1-4)[Fuc(a1-3)]GlcNAc(b1-Sp0,236.079625,9837.16525,28442.2063,31033.7025,30752.2849
GlcNAc(a1-4)Gal(b1-4)GlcNAc(b1-3)Gal(b1-4)GlcNAc(b1-Sp0,134.961825,4746.12635,20351.1455,37846.35912,30203.0046
GlcNAc(a1-4)Gal(b1-3)GalNAc(a1-Sp14,295.0191,7902.674625,26666.03098,33641.8267,31350.42695
Neu5Ac(a2-6)Gal(b1-4)GlcNAc(b1-2)Man(a1-6)[Man(a1-3)]Man(b1-4)GlcNAc(b1-4)GlcNAc(a1-Sp12,4.911925,20.7732,14.258775,887.565175,13222.65895
Man(a1-6)[Neu5Ac(a2-6)Gal(b1-4)GlcNAc(b1-2)Man(a1-3)]Man(b1-4)GlcNAc(b1-4)GlcNAc(a1-Sp12,12.075375,6.6175,41.00335,2949.663625,17204.5375
Neu5Ac(a2-6)Gal(b1-4)GlcNAc(b1-2)Man(a1-6)Man(b1-4)GlcNAc(b1-4)GlcNAc(a1-Sp12,9.414225,4.862475,32.2557,4.96475,336.983525
Neu5Ac(a2-6)Gal(b1-4)GlcNAc(b1-2)Man(a1-3)Man(b1-4)GlcNAc(b1-4)GlcNAc(a1-Sp12,31.593,1819.15915,27202.05365,34381.54713,35691.59533
Gal(b1-4)GlcNAc(b1-2)Man(a1-3)Man(b1-4)GlcNAc(b1-4)GlcNAc(a1-Sp12,29.462625,4780.51025,35213.1753,39890.35778,36126.16317
Gal(b1-4)GlcNAc(b1-2)Man(a1-6)Man(b1-4)GlcNAc(b1-4)GlcNAc(a1-Sp12,6.64355,13.798725,16.73525,64.905025,997.902475
Man(a1-6)[Gal(b1-4)GlcNAc(b1-2)Man(a1-3)]Man(b1-4)GlcNAc(b1-4)GlcNAc(b1-Sp12,23.0796,143.096125,2648.036875,14815.18673,19631.5538
GlcNAc(b1-2)Man(a1-6)[GlcNAc(b1-2)Man(a1-3)]Man(b1-4)GlcNAc(b1-4)[Fuc(a1-6)]GlcNAc(b1-Sp22,4.00445,13.12565,36.309675,410.66555,1906.0088
Gal(b1-4)GlcNAc(b1-2)Man(a1-6)[Gal(b1-4)GlcNAc(b1-2)Man(a1-3)]Man(b1-4)GlcNAc(b1-4)[Fuc(a1-6)]GlcNAc(b1-Sp22,3.131625,7.26765,11.198525,5610.85605,20944.3046
Gal(b1-3)GlcNAc(b1-2)Man(a1-6)[Gal(b1-3)GlcNAc(b1-2)Man(a1-3)]Man(b1-4)GlcNAc(b1-4)[Fuc(a1-6)]GlcNAc(b1-Sp22,19.17515,19.360475,16.538275,888.2936,4170.965525
(6S)GlcNAc(b1-3)Gal(b1-4)GlcNAc(b1-Sp0,21.834725,2232.414,12612.62915,29895.0697,32478.91165
KDN(a2-3)Gal(b1-4)[Fuc(a1-3)]GlcNAc(a1-Sp0,26.512525,13.645325,12.11515,11.086875,97.904525
KDN(a2-6)Gal(b1-4)GlcNAc(a1-Sp0,9.3555,22.854375,9.60655,6.133525,28.04665
KDN(a2-3)Gal(b1-4)Glc(a1-Sp0,17.6709,13.330125,20.1964,18.91865,67.267725
KDN(a2-3)Gal(b1-3)GalNAc(a1-Sp14,17.794975,15.225625,25.4874,32.137875,77.631275
Fuc(a1-2)Gal(b1-3)GlcNAc(b1-2)Man(a1-6)[Fuc(a1-2)Gal(b1-3)GlcNAc(b1-2)Man(a1-3)]Man(b1-4)GlcNAc(b1-4)GlcNAc(b1-Sp20,48.0323,94.82275,1165.775225,11190.37353,20008.78598
Fuc(a1-2)Gal(b1-4)GlcNAc(b1-2)Man(a1-6)[Fuc(a1-2)Gal(b1-4)GlcNAc(b1-2)Man(a1-3)]Man(b1-4)GlcNAc(b1-4)GlcNAc(b1-Sp20,31.257125,46.389675,204.983775,3372.614175,18506.15583
Fuc(a1-2)Gal(b1-4)[Fuc(a1-3)]GlcNAc(b1-2)Man(a1-6)[Fuc(a1-2)Gal(b1-4)[Fuc(a1-3)]GlcNAc(b1-2)Man(a1-3)]Man(b1-4)GlcNAc(b1-4)GlcNA(b1-Sp20,42.892775,51.230725,66.280975,68.078875,174.95535
Gal(a1-3)Gal(b1-4)GlcNAc(b1-2)Man(a1-6)[Gal(a1-3)Gal(b1-4)GlcNAc(b1-2)Man(a1-3)]Man(b1-4)GlcNAc(b1-4)GlcNAc(b1-Sp20,16.2564,14.8414,517.323475,12372.27483,32341.24928
Gal(b1-4)GlcNAc(b1-2)Man(a1-6)[Man(a1-3)]Man(b1-4)GlcNAc(b1-4)GlcNAc(b1-Sp12,2.168175,18.46715,8.283525,436.0315,11844.30947
Fuc(a1-4)[Gal(b1-3)]GlcNAc(b1-2)Man(a1-6)[Fuc(a1-4)[Gal(b1-3)]GlcNAc(b1-2)Man(a1-3)]Man(b1-4)GlcNAc(b1-4)[Fuc(a1-6)]GlcNAc(b1-Sp22,75.0319,189.33205,185.4854,361.76895,1418.6678
Neu5Ac(a2-6)GlcNAc(b1-4)GlcNAc(a1-Sp21,115.7828,3773.1388,14186.35073,32642.0074,21044.94248
Neu5Ac(a2-6)GlcNAc(b1-4)GlcNAc(b1-4)GlcNAc(a1-Sp21,567.7847,10744.66673,31729.87278,33615.56693,38681.15075
Gal(b1-4)[Fuc(a1-3)]GlcNAc(b1-6)[Fuc(a1-2)Gal(b1-4)GlcNAc(b1-3)]Gal(b1-4)Glc(a1-Sp21,10.52875,5.0933,18.82805,26.344725,106.8003
Gal(b1-4)GlcNAc(b1-2)Man(a1-6)[Gal(b1-4)GlcNAc(b1-4)[Gal(b1-4)GlcNAc(b1-2)]Man(a1-3)]Man(b1-4)GlcNAc(b1-4)GlcNAc(a1-Sp21,18.22865,34.903475,558.7812,8156.86,18225.22105
GalNAc(a1-3)[Fuc(a1-2)]Gal(b1-4)GlcNAc(b1-2)Man(a1-6)[GalNAc(a1-3)[Fuc(a1-2)]Gal(b1-4)GlcNAc(b1-2)Man(a1-3)]Man(b1-4)GlcNAc(b1-4)GlcNAc(b1-Sp20,31.731375,2694.56915,13244.36143,30978.49645,46849.14725
Gal(a1-3)[Fuc(a1-2)]Gal(b1-4)GlcNAc(b1-2)Man(a1-6)[Gal(a1-3)[Fuc(a1-2)]Gal(b1-4)GlcNAc(b1-2)Man(a1-3)]Man(b1-4)GlcNAc(b1-4)GlcNAc(b1-Sp20,12.566175,31.49625,395.89285,8741.72595,32327.33282
Gal(a1-3)Gal(b1-4)[Fuc(a1-3)]GlcNAc(b1-2)Man(a1-6)[Gal(a1-3)Gal(b1-4)[Fuc(a1-3)]GlcNAc(b1-2)Man(a1-3)]Man(b1-4)GlcNAc(b1-4)GlcNAc(b1-Sp20,36.8108,49.8681,119.478425,100.65925,647.554325
GalNAc(a1-3)[Fuc(a1-2)]Gal(b1-3)GlcNAc(b1-2)Man(a1-6)[GalNAc(a1-3)[Fuc(a1-2)]Gal(b1-3)GlcNAc(b1-2)Man(a1-3)]Man(b1-4)GlcNAc(b1-4)GlcNAc(b1-Sp20,5.16475,225.523575,3911.9685,13606.75487,22888.77227
Gal(a1-3)[Fuc(a1-2)]Gal(b1-3)GlcNAc(b1-2)Man(a1-6)[Gal(a1-3)[Fuc(a1-2)]Gal(b1-3)GlcNAc(b1-2)Man(a1-3)]Man(b1-4)GlcNAc(b1-4)GlcNAc(b1-Sp20,1.421425,3.1421,62.8691,1866.07895,4984.482
Fuc(a1-4)[Fuc(a1-2)Gal(b1-3)]GlcNAc(b1-2)Man(a1-3)[Fuc(a1-4)[Fuc(a1-2)Gal(b1-3)]GlcNAc(b1-2)Man(a1-3)]Man(b1-4)GlcNAc(b1-4)GlcNAc(b1-Sp19,34.726825,20.812625,46.266325,116.941875,377.56975
Neu5Ac(a2-3)Gal(b1-4)GlcNAc(b1-3)GalNAc(a1-Sp14,-0.199875,1.7738,2.410625,9.443625,83.533075
Neu5Ac(a2-6)Gal(b1-4)GlcNAc(b1-3)GalNAc(a1-Sp14,2.39525,2.17705,-2.709375,9.9929,96.60425
Neu5Ac(a2-3)Gal(b1-4)[Fuc(a1-3)]GlcNAc(b1-3)GalNAc(a1-Sp14,22.79915,30.735725,32.8545,42.904725,129.100025
GalNAc(b1-4)GlcNAc(b1-2)Man(a1-6)[GalNAc(b1-4)GlcNAc(b1-2)Man(a1-3)]Man(b1-4)GlcNAc(b1-4)GlcNAc(a1-Sp12,384.265,10862.47397,20468.6715,30620.31088,29135.00528
Gal(b1-3)GalNAc(a1-3)[Fuc(a1-2)]Gal(b1-4)Glc(a1-Sp0,5.165,-2.031675,12.529775,1.54465,25.1157
Gal(b1-3)GalNAc(a1-3)[Fuc(a1-2)]Gal(b1-4)GlcNAc(a1-Sp0,14.5798,499.259975,17339.34945,36212.54073,37740.86602
Gal(b1-3)GlcNac(b1-3)Gal(b1-4)GlcNac(b1-6)[Gal(b1-3)GlcNac(b1-3)]Gal(b1-4)Glc(b1-Sp0,-4.345125,44.972125,3346.473275,21801.10767,25060.87615
Gal(b1-4)[Fuc(a1-3)]GlcNAc(b1-6)[Gal(b1-3)GlcNAc(b1-3)]Gal(b1-4)Glc(a1-Sp21,2.17225,19.4527,12.73335,20.9605,47.16845
Gal(b1-4)GlcNAc(b1-6)[Fuc(a1-4)[Fuc(a1-2)Gal(b1-3)]GlcNAc(b1-3)]Gal(b1-4)Glc(a1-Sp21,21.934625,72.0423,748.3028,5151.0095,12863.18765
Gal(b1-4)[Fuc(a1-3)]GlcNAc(b1-6)[Fuc(a1-4)[Fuc(a1-2)Gal(b1-3)]GlcNAc(b1-3)]Gal(b1-4)Glc(a1-Sp21,15.5621,1.81575,2.278725,13.196425,1888.767675
Gal(b1-3)GlcNAc(b1-3)Gal(b1-4)[Fuc(a1-3)]GlcNAc(b1-6)[Gal(b1-3)GlcNAc(b1-3)]Gal(b1-4)Glc(a1-Sp21,2.88675,12.269375,2.906775,36.280725,62.0763
Gal(b1-4)GlcNac(b1-6)[Gal(b1-4)GlcNac(b1-2)]Man(a1-6)[Gal(b1-4)GlcNac(b1-4)[Gal(b1-4)GlcNac(b1-2)]Man(a1-3)]Man(b1-4)GlcNac(b1-4)GlcNac(b1-Sp21,-0.371875,5.305425,51.789275,869.101225,10923.53478
GlcNac(b1-2)Man(a1-6)[GlcNac(b1-4)[GlcNac(b1-2)]Man(a1-3)]Man(b1-4)GlcNac(b1-4)GlcNac(a1-Sp21,0.31345,82.45145,785.25615,5289.913,6840.38485
Fuc(a1-2)Gal(b1-3)GalNAc(a1-3)[Fuc(a1-2)]Gal(b1-4)Glc(b1-Sp0,2.326125,9.024025,7.197325,5.803325,8.565225
Fuc(a1-2)Gal(b1-3)GalNAc(a1-3)[Fuc(a1-2)]Gal(b1-4)GlcNAc(b1-Sp0,5.2387,208.0652,10553.33185,22225.2835,26729.20567
Gal(b1-3)GlcNAc(b1-3)GalNAc(a1-Sp14,10.317375,1.272975,18.4988,13.8535,20.37615
GalNAc(b1-4)[Neu5Ac(a2-3)]Gal(b1-4)GlcNAc(b1-3)GalNAc(a1-Sp14,47.3402,75.3053,43.01245,99.926125,230.381675
GalNAc(a1-3)[Fuc(a1-2)]Gal(b1-3)GalNAc(a1-3)[Fuc(a1-2)]Gal(b1-4)GlcNAc(b1-Sp0,89.631975,4857.36675,23599.7865,35155.92528,43434.7477
Gal(a1-3)Gal(b1-3)GlcNAc(b1-2)Man(a1-6)[Gal(a1-3)Gal(b1-3)GlcNAc(b1-2)Man(a1-3)]Man(b1-4)GlcNAc(b1-4)GlcNAc(a1-Sp19,19.89835,54.954325,43.977375,67.14835,213.688625
Gal(a1-3)Gal(b1-3)[Fuc(a1-4)]GlcNAc(b1-2)Man(a1-6)[Gal(a1-3)Gal(b1-3)[Fuc(a1-4)]GlcNAc(b1-2)Man(a1-3)]Man(b1-4)GlcNAc(b1-4)GlcNAc(a1-Sp19,27.871975,105.6098,76.2911,138.612825,862.6138
Neu5Ac(a2-3)Gal(b1-3)GlcNAc(b1-2)Man(a1-6)[Neu5Ac(a2-3)Gal(b1-3)GlcNAc(b1-2)Man(a1-3)]Man(b1-4)GlcNAc(b1-4)GlcNAc(a1-Sp19,44.842,-6.297325,-16.774775,-9.1039,101.384325
GlcNAc(b1-2)Man(a1-6)[Gal(b1-4)GlcNAc(b1-2)Man(a1-3)]Man(b1-4)GlcNAc(b1-4)GlcNAc(a1-Sp12,2.37755,119.0694,5119.229625,15031.12798,32639.68363
Gal(b1-4)GlcNAc(b1-2)Man(a1-6)[GlcNAc(b1-2)Man(a1-3)]Man(b1-4)GlcNAc(b1-4)GlcNAc(a1-Sp12,4.889725,84.101975,5476.87705,18842.1963,34329.43837
Neu5Ac(a2-3)Gal(b1-3)GlcNAc(b1-3)GalNAc(a1-Sp14,10.19135,6.532875,69.200575,840.4458,5210.14785
Fuc(a1-2)Gal(b1-4)GlcNac(b1-3)GalNac(a1-Sp14,12.282625,13.071875,12.402175,10.027625,56.337825
Gal(b1-4)[Fuc(a1-3)]GlcNac(b1-3)GalNac(a1-Sp14,3.2808,3.592725,6.2404,14.9948,110.15505
GalNac(a1-3)GalNac(b1-3)Gal(a1-4)Gal(b1-4)GlcNac(b1-Sp0,2.49955,11.2518,303.4697,2538.0116,6171.2597
Gal(a1-4)Gal(b1-3)GlcNac(b1-2)Man(a1-6)[Gal(a1-4)Gal(b1-3)GlcNac(b1-2)Man(a1-3)]Man(b1-4)GlcNac(b1-4)GlcNac(b1-Sp19,19.02905,50.6917,478.004575,7744.54725,12209.4121
Gal(a1-4)Gal(b1-4)GlcNac(b1-2)Man(a1-6)[Gal(a1-4)Gal(b1-4)GlcNac(b1-2)Man(a1-3)]Man(b1-4)GlcNac(b1-4)GlcNac(b1-Sp24,20.185375,28.3955,836.995475,21937.05803,43334.06493
Gal(a1-3)Gal(b1-4)GlcNac(b1-3)GalNac(a1-Sp14,15.05365,18.759625,20.1632,4.586125,395.55695
Gal(b1-3)GlcNAc(b1-6)Gal(b1-4)GlcNAc(b1-Sp0,8.759,10.11235,2.219575,16.282,21.53225
Gal(b1-3)GlcNAc(a1-6)Gal(b1-4)GlcNAc(b1-Sp0,11.52505,32.806575,9.33875,32.702825,274.3974
GalNAc(b1-3)Gal(a1-6)Gal(b1-4)Glc(b1-Sp8,4.043775,16.72945,46.57335,557.21755,4586.889325
Gal(a1-3)[Fuc(a1-2)]Gal(b1-4)[Fuc(a1-3)]Glc(b1-Sp21,14.538025,10.3936,13.1949,14.509275,44.708775
Gal(b1-4)GlcNAc(b1-6)[Neu5Ac(a2-6)Gal(b1-3)GlcNAc(b1-3)]Gal(b1-4)Glc(a1-Sp21,16.11305,35.8527,107.82545,5509.3979,9417.9352
Gal(b1-3)GalNAc(b1-4)[Neu5Ac(a2-8)Neu5Ac(a2-3)]Gal(b1-4)Glc(b1-Sp0,14.309875,3.1467,7.11775,24.922925,117.1164
Neu5Ac(a2-3)Gal(b1-3)GalNAc(b1-4)[Neu5Ac(a2-8)Neu5Ac(a2-3)]Gal(b1-4)Glc(b1-Sp0,26.23085,8.012125,7.5918,5.53825,11.5857
Gal(a1-3)[Fuc(a1-2)]Gal(b1-4)GlcNAc(b1-3)GalNAc(a1-Sp14,3.13125,6.774725,2.8227,7.00615,86.698425
GalNAc(a1-3)[Fuc(a1-2)]Gal(b1-4)GlcNAc(b1-3)GalNAc(a1-Sp14,6.904975,10.660375,2.132675,14.166025,113.940925
GalNAc(a1-3)GalNAc(b1-3)Gal(a1-4)Gal(b1-4)Glc(b1-Sp0,8.026075,19.857025,3.95025,237.476725,4231.34315
Fuc(a1-2)Gal(b1-4)[Fuc(a1-3)]GlcNAc(b1-3)GalNAc(a1-Sp14,19.1205,37.72435,25.019825,16.401975,274.936675
Gal(a1-3)[Fuc(a1-2)]Gal(b1-4)[Fuc(a1-3)]GlcNAc(b1-3)GalNAc(a1-Sp14,14.945025,17.1993,14.226075,34.269425,77.09365
GalNAc(a1-3)[Fuc(a1-2)]Gal(b1-4)[Fuc(a1-3)]GlcNAc(b1-3)GalNAc(a1-Sp14,14.5286,30.692175,34.82315,30.69605,98.036025
Gal(b1-4)[Fuc(a1-3)]GlcNAc(b1-2)Man(a1-6)[Gal(b1-4)[Fuc(a1-3)]GlcNAc(b1-2)Man(a1-3)]Man(b1-4)GlcNAc(b1-4)[Fuc(a1-6)]GlcNAc(b1-Sp22,7.45495,21.359825,26.020425,24.55365,250.716475
Fuc(a1-2)Gal(b1-4)GlcNAc(b1-2)Man(a1-6)[Fuc(a1-2)Gal(b1-4)GlcNAc(b1-2)Man(a1-3)]Man(b1-4)GlcNAc(b1-4)[Fuc(a1-6)]GlcNAc(b1-Sp22,24.023475,37.67555,91.95175,171.673075,820.205925
GlcNAc(b1-2)[GlcNAc(b1-6)]Man(a1-6)[GlcNAc(b1-2)Man(a1-3)]Man(b1-4)GlcNAc(b1-4)GlcNAc(b1-Sp19,7.105775,194.007925,3400.31505,12050.49118,24044.44465
Fuc(a1-2)Gal(b1-3)GlcNAc(b1-3)GalNAc(a1-Sp14,18.0943,5.704425,8.694825,4.78005,36.325175
Gal(a1-3)[Fuc(a1-2)]Gal(b1-3)GlcNAc(b1-3)GalNAc(a1-Sp14,9.057775,16.84965,7.416825,15.86175,0.35065
GalNAc(a1-3)[Fuc(a1-2)]Gal(b1-3)GlcNAc(b1-3)GalNAc(a1-Sp14,20.674475,3.009675,16.113075,27.872,115.10875
Gal(a1-3)Gal(b1-3)GlcNAc(b1-3)GalNAc(a1-Sp14,17.82935,13.225675,6.77065,5.5925,196.87025
Fuc(a1-2)Gal(b1-3)GlcNAc(b1-2)Man(a1-6)[Fuc(a1-2)Gal(b1-3)GlcNAc(b1-2)Man(a1-3)]Man(b1-4)GlcNAc(b1-4)[Fuc(a1-6)]GlcNAc(b1-Sp22,11.99365,60.016325,56.5307,456.51035,958.684575
Gal(a1-3)[Fuc(a1-2)]Gal(b1-4)GlcNAc(b1-2)Man(a1-6)[Gal(a1-3)[Fuc(a1-2)]Gal(b1-4)GlcNAc(b1-2)Man(a1-3)]Man(b1-4)GlcNAc(b1-4)[Fuc(a1-6)]GlcNAc(b1-Sp22,13.0276,21.56985,30.155875,367.459825,2019.1408
Gal(b1-3)GlcNAc(b1-6)[Gal(b1-3)GlcNAc(b1-2)]Man(a1-6)[Gal(b1-3)GlcNAc(b1-2)Man(a1-3)]Man(b1-4)GlcNAc(b1-4)GlcNAc(b1-Sp19,12.757375,18.542175,303.079375,6227.40085,8687.630425
Gal(b1-4)GlcNAc(b1-6)[Fuc(a1-2)Gal(b1-3)GlcNAc(b1-3)]Gal(b1-4)Glc(a1-Sp21,8.541225,28.8138,565.454425,13727.8149,14066.145
Fuc(a1-3)GlcNAc(b1-6)[Gal(b1-4)GlcNAc(b1-3)]Gal(b1-4)Glc(a1-Sp21,3.0618,15.263575,37.709225,2507.77705,1578.07065
GlcNAc(b1-2)Man(a1-6)[GlcNAc(b1-4)][GlcNAc(b1-2)Man(a1-3)]Man(b1-4)GlcNac(b1-4)GlcNAc(a1-Sp21,293.48165,10822.45835,32835.5415,37545.69185,38625.80615
GlcNAc(b1-2)Man(a1-6)[GlcNAc(b1-4)][GlcNAc(b1-4)[GlcNAc(b1-2)]Man(a1-3)]Man(b1-4)GlcNAc(b1-4)GlcNAc(a1-Sp21,135.89225,6128.37785,15851.21715,23319.8103,24610.71133
GlcNAc(b1-6)[GlcNAc(b1-2)]Man(a1-6)[GlcNAc(b1-4)][GlcNAc(b1-2)Man(a1-3)]Man(b1-4)GlcNAc(b1-4)GlcNAc(a1-Sp21,52.28045,2282.9501,2338.5116,20768.38397,6537.548125
GlcNAc(b1-6)[GlcNAc(b1-2)]Man(a1-6)[GlcNAc(b1-4)][GlcNAc(b1-4)[GlcNAc(b1-2)]Man(a1-3)]Man(b1-4)GlcNAc(b1-4)GlcNAc(a1-Sp21,51.583,2651.0496,5435.828925,13341.67855,19466.57605
Gal(b1-4)GlcNAc(b1-2)Man(a1-6)[GlcNAc(b1-4)][Gal(b1-4)GlcNAc(b1-2)Man(a1-3)]Man(b1-4)GlcNAc(b1-4)GlcNAc(a1-Sp21,5.8938,660.210925,3284.797,18234.68963,18063.09355
Gal(b1-4)GlcNAc(b1-2)Man(a1-6)[GlcNAc(b1-4)][Gal(b1-4)GlcNAc(b1-4)[Gal(b1-4)GlcNAc(b1-2)]Man(a1-3)]Man(b1-4)GlcNAc(b1-4)GlcNAc(a1-Sp21,16.409,26.2709,44.624825,450.136925,998.07615
Gal(b1-4)GlcNAc(b1-6)[Gal(b1-4)GlcNAc(b1-2)]Man(a1-6)[GlcNAc(b1-4)][Gal(b1-4)GlcNAc(b1-2)Man(a1-3)]Man(b1-4)GlcNAc(b1-4)GlcNAc(a1-Sp21,0.2244,262.62095,4547.382275,33089.6055,30278.4495
Gal(b1-4)GlcNAc(b1-6)[Gal(b1-4)GlcNAc(b1-2)]Man(a1-6)[GlcNAc(b1-4)][Gal(b1-4)GlcNAc(b1-4)[Gal(b1-4)GlcNAc(b1-2)]Man(a1-3)]Man(b1-4)GlcNAc(b1-4)GlcNAc(a1-Sp21,4.42185,88.317475,13.008075,636.956325,4147.478625
Gal(b1-4)Gal(b1-Sp10,0.518775,-0.736325,7.365675,17.14005,78.8028
Gal(b1-6)Gal(b1-Sp10,25.4725,17.2034,17.611775,16.0133,31.0829
Neu5Ac(a2-3)Gal(b1-4)GlcNAc(b1-3)Gal(b1-Sp8,-4.0553,4.86155,598.194875,2469.50445,12810.03802
GalNAc(b1-6)GalNAc(b1-Sp8,182.682225,8158.157075,16324.50422,29090.8176,33870.4081
(6S)Gal(b1-3)GlcNAc(b1-Sp0,11.375125,1.404525,9.597975,30.175325,411.30275
(6S)Gal(b1-3)(6S)GlcNAc(a1-Sp0,6.78825,8.114925,4.9801,17.974275,146.35395
Fuc(a1-2)Gal(b1-4) GlcNAc(b1-2)Man(a1-6)[Fuc(a1-2)Gal(b1-4)GlcNAc(b1-2)[Fuc(a1-2)Gal(b1-4)GlcNAc(b1-4)]Man(a1-3)]Man(b1-4)GlcNAc(b1-4)GlcNAc(b1-N,22.515075,65.9329,102.7723,233.51955,1119.95335
Fuc(a1-2)Gal(b1-4)[Fuc(a1-3)]GlcNAc(b1-2)Man(a1-6)[Fuc(a1-2)Gal(b1-4)[Fuc(a1-3)]GlcNAc(b1-4)[Fuc(a1-2)Gal(b1-4)[Fuc(a1-3)]GlcNAc(b1-2)]Man(a1-3)]Man(b1-4)GlcNAc(b1-4)GlcNAc(b1-N,51.6122,76.40185,52.486175,73.26295,148.094325
Gal(b1-4)[Fuc(a1-3)]GlcNAc(b1-6)GalNAc(a1-Sp14,10.58185,52.6053,27.318875,51.942525,255.884825
Gal(b1-4)GlcNAc(b1-2)Man(a1-Sp0,15.476025,20.59315,19.6087,30.148075,47.689225
Fuc(a1-2)Gal(b1-4)GlcNAc(b1-6)[Fuc(a1-2)Gal(b1-4)GlcNAc(b1-3)]GalNAc(a1-Sp14,12.4482,56.6402,43.353075,99.370175,416.147875
Gal(a1-3)Fuc(a1-2)Gal(b1-4)GlcNAc(b1-6)[Gal(a1-3)Fuc(a1-2)Gal(b1-4)GlcNAc(b1-3)]GalNAc(a1-Sp14,21.581375,1.07405,19.084525,1561.8591,2474.537825
GalNAc(a1-3)[Fuc(a1-2)]Gal(b1-4)GlcNAc(b1-6)[GalNAc(a1-3)[Fuc(a1-2)]Gal(b1-4)GlcNAc(b1-3)]GalNAc(a1-Sp14,5.482975,6.83505,1468.2805,10121.24225,19072.26557
Neu5Ac(a2-8)Neu5Ac(a2-3)Gal(b1-3)GalNAc(b1-4)[Neu5Ac(a2-8)Neu5Ac(a2-3)]Gal(b1-4)Glc(b1-Sp0,2.954075,4.1547,6.517475,7.7611,49.998525
GalNAc(b1-4)Gal(b1-4)Glc(b1-Sp0,63.74545,16.79775,31.71195,32.11745,45.00275
GalNAc(a1-3)[Fuc(a1-2)]Gal(b1-4)GlcNAc(b1-2)Man(a1-6)[GalNAc(a1-3)[Fuc(a1-2)]Gal(b1-4)GlcNAc(b1-2)Man(a1-3)]Man(b1-4)GlcNAc(b1-4)[Fuc(a1-6)]GlcNAc(b1-Sp22,7.389075,13.3257,285.0509,4965.269575,6354.495225
Gal(a1-3)[Fuc(a1-2)]Gal(b1-3)GlcNAc(b1-2)Man(a1-6)[Gal(a1-3)[Fuc(a1-2)]Gal(b1-3)GlcNAc(b1-2)Man(a1-3)]Man(b1-4)GlcNAc(b1-4)[Fuc(a1-6)]GlcNAc(b1-Sp22,63.330025,-4.01965,5.057525,18.627975,216.32945
Neu5Ac(a2-6)Gal(b1-4)GlcNAc(b1-6)[Fuc(a1-2)Gal(b1-3)GlcNAc(b1-3)]Gal(b1-4)Glc(a1-Sp21,14.523175,13.954425,40.1049,65.425075,1834.940575
GalNAc(a1-3)[Fuc(a1-2)]Gal(b1-3)GlcNAc(b1-2)Man(a1-6)[GalNAc(a1-3)[Fuc(a1-2)]Gal(b1-3)GlcNAc(b1-2)Man(a1-3)]Man(b1-4)GlcNAc(b1-4)[Fuc(a1-6)]GlcNAc(b1-Sp22,10.14705,27.549725,4.06335,18.50685,689.7943
Gal(b1-4)GlcNAc(b1-6)[Gal(b1-4)GlcNAc(b1-2)]Man(a1-6)[Gal(b1-4)GlcNAc(b1-2)Man(a1-3)]Man(b1-4)GlcNAc(b1-4)GlcNAc(b1-Sp19,1.152,30.257575,232.451925,9811.84105,32478.29537
Neu5Ac(a2-3)Gal(b1-4)GlcNAc(b1-2)Man(a1-6)[GlcNAc(b1-4)][Neu5Ac(a2-3)Gal(b1-4)GlcNAc(b1-2)Man(a1-3)]Man(b1-4)GlcNAc(b1-4)GlcNAc(b1-Sp21,19.768,3226.6722,11085.13755,37050.3281,11772.83135
Neu5Ac(a2-3)Gal(b1-4)GlcNAc(b1-4)Man(a1-6)[GlcNAc(b1-4)][Neu5Ac(a2-3)Gal(b1-4)GlcNAc(b1-4)[Neu5Ac(a2-3)Gal(b1-4)GlcNAc(b1-2)]Man(a1-3)]Man(b1-4)GlcNAc(b1-4)GlcNAc(b1-Sp21,7.47975,1236.05385,8536.7982,19091.83955,31719.47013
Neu5Ac(a2-3)Gal(b1-4)GlcNAc(b1-6)[Neu5Ac(a2-3)Gal(b1-4)GlcNAc(b1-2)]Man(a1-6)[GlcNAc(b1-4)][Neu5Ac(a2-3)Gal(b1-4)GlcNAc(b1-2)Man(a1-3)]Man(b1-4)GlcNAc(b1-4)GlcNAc(b1-Sp21,34.119375,3761.127425,25727.97285,38478.4565,28104.13675
Neu5Ac(a2-3)Gal(b1-4)GlcNAc(b1-6)[Neu5Ac(a2-3)Gal(b1-4)GlcNAc(b1-2)]Man(a1-6)[GlcNAc(b1-4)][Neu5Ac(a2-3)Gal(b1-4)GlcNAc(b1-4)[Neu5Ac(a2-3)Gal(b1-4)GlcNAc(b1-2)]Man(a1-3)]Man(b1-4)GlcNAc(b1-4)GlcNAc(b1-Sp21,0.655175,1985.279,8673.8567,17621.03765,31328.229
Neu5Ac(a2-6)Gal(b1-4)GlcNAc(b1-2)Man(a1-6)[GlcNAc(b1-4)][Neu5Ac(a2-6)Gal(b1-4)GlcNAc(b1-2)Man(a1-3)]Man(b1-4)GlcNAc(b1-4)GlcNAc(b1-Sp21,5.983275,1244.94155,8618.820675,27408.937,31302.01618
Neu5Ac(a2-6)Gal(b1-4)GlcNAc(b1-4)Man(a1-6)[GlcNAc(b1-4)][Neu5Ac(a2-6)Gal(b1-4)GlcNAc(b1-4)[Neu5Ac(a2-6)Gal(b1-4)GlcNAc(b1-2)]Man(a1-3)]Man(b1-4)GlcNAc(b1-4)GlcNAc(b1-Sp21,1.98115,9.1851,13.66495,13.206225,177.812675
Neu5Ac(a2-6)Gal(b1-4)GlcNAc(b1-6)[Neu5Ac(a2-6)Gal(b1-4)GlcNAc(b1-2)]Man(a1-6)[GlcNAc(b1-4)][Neu5Ac(a2-6)Gal(b1-4)GlcNAc(b1-2)Man(a1-3)]Man(b1-4)GlcNAc(b1-4)GlcNAc(b1-Sp21,3.7768,16.533225,124.23745,2834.294125,19181.81108
Neu5Ac(a2-6)Gal(b1-4)GlcNAc(b1-6)[Neu5Ac(a2-6)Gal(b1-4)GlcNAc(b1-2)]Man(a1-6)[GlcNAc(b1-4)][Neu5Ac(a2-6)Gal(b1-4)GlcNAc(b1-4)[Neu5Ac(a2-6)Gal(b1-4)GlcNAc(b1-2)]Man(a1-3)]Man(b1-4)GlcNAc(b1-4)GlcNAc(b1-Sp21,6.35385,15.001375,-2.075575,7.394425,287.7965
Gal(a1-3)[Fuc(a1-2)]Gal(b1-3)GalNAc(a1-Sp8,21.3372,15.428175,12.727775,22.845075,130.080875
Gal(a1-3)[Fuc(a1-2)]Gal(b1-3)GalNAc(b1-Sp8,19.285025,11.808125,7.23035,24.9499,11.4902
Glc(a1-6)Glc(a1-6)Glc(a1-6)Glc(b1-Sp10,10.600725,24.380275,11.35905,33.179225,44.57135
Glc(a1-4)Glc(a1-4)Glc(a1-4)Glc(b1-Sp10,20.90685,15.19755,34.044425,23.4229,78.761475
Neu5Ac(a2-3)Gal(b1-4)GlcNAc(b1-6)[Neu5Ac(a2-3)Gal(b1-4)GlcNAc(b1-3)]GalNAc(a1-Sp14,7.66695,-2.875,308.377825,1851.5725,6854.19465
Fuc(a1-2)Gal(b1-4)[Fuc(a1-3)]GlcNAc(b1-2)Man(a1-6)[Fuc(a1-2)Gal(b1-4)[Fuc(a1-3)]GlcNAc(b1-2)Man(a1-3)]Man(b1-4)GlcNAc(b1-4)[Fuc(a1-6)]GlcNAc(b1-Sp24,13.680125,69.966875,219.504775,319.427275,676.682725
Fuc(a1-2)Gal(b1-3)[Fuc(a1-4)]GlcNAc(b1-2)Man(a1-6)[Fuc(a1-2)Gal(b1-3)[Fuc(a1-4)]GlcNAc(b1-2)Man(a1-3)]Man(b1-4)GlcNAc(b1-4)[Fuc(a1-6)]GlcNA(cb-S)p(1-4)[Fuc(a1-6)]GlcNAc(b1-Sp19,20.0852,125.344625,218.4877,463.14555,1396.85635
Neu5Ac(a2-3)Gal(b1-3)GlcNAc(b1-6)[Neu5Ac(a2-3)Gal(b1-4)GlcNAc(b1-2)]Man(a1-6)[Neu5Ac(a2-3)Gal(b1-3)GlcNAc(b1-2)Man(a1-3)]Man(b1-4)GlcNAc(b1-4)GlcNAc(b1-Sp19,19.6717,1246.47035,7350.11735,15339.60568,27189.4444
GlcNAc(b1-6)[GlcNAc(b1-2)]Man(a1-6)[GlcNAc(b1-2)Man(a1-3)]Man(b1-4)GlcNAc(b1-4)[Fuc(a1-6)]GlcNAc(b1-Sp24,11.946375,18.491425,80.537425,2454.37305,10391.30508
Gal(b1-3)GlcNAc(b1-2)Man(a1-6)[GlcNAc(b1-4)][Gal(b1-3)GlcNAc(b1-2)Man(a1-3)]Man(b1-4)GlcNAc(b1-4)GlcNAc(b1-Sp21,111.723425,4723.638625,30499.76073,38849.306,36704.7269
Neu5Ac(a2-6)Gal(b1-4)GlcNAc(b1-6)[Gal(b1-3)GlcNAc(b1-3)]Gal(b1-4)Glc(b1-Sp21,13.975025,11.28205,9.405975,25.0922,307.706375
Neu5Ac(a2-3)Gal(b1-4)GlcNAc(b1-2)Man(a1-Sp0,28.563725,13.3446,34.729175,42.006125,199.39275
Neu5Ac(a2-3)Gal(b1-4)GlcNAc(b1-6)GalNAc(a1-Sp14,14.176925,691.0483,3199.75325,6774.03265,14124.54893
Neu5Ac(a2-6)Gal(b1-4)GlcNAc(b1-6)GalNAc(a1-Sp14,24.6533,8.5096,12.250125,12.79165,84.70195
Neu5Ac(a2-6)Gal(b1-4)GlcNAc(b1-6)[Neu5Ac(a2-6)Gal(b1-4)GlcNAc(b1-3)]GalNAc(a1-Sp14,14.5996,7.77445,10.4392,9.998175,227.85855
Neu5Ac(a2-6)Gal(b1-4)GlcNAc(b1-2)Man(a1-6)[Neu5Ac(a2-6)Gal(b1-4)GlcNAc(b1-2)Man(a1-3)]Man(b1-4)GlcNAc(b1-4)[Fuc(a1-6)]GlcNAc(b1-Sp24,11.2646,43.07685,33.33985,115.995275,2615.723675
Neu5Ac(a2-3)Gal(b1-4)GlcNAc(b1-2)Man(a1-6)[Neu5Ac(a2-3)Gal(b1-4)GlcNAc(b1-2)Man(a1-3)]Man(b1-4)GlcNAc(b1-4)[Fuc(a1-6)]GlcNAc(b1-Sp24,38.9255,2044.302425,18237.8577,31254.64588,25629.39725
Man(a1-6)[Man(a1-3)]Man(b1-4)GlcNAc(b1-4)[Fuc(a1-6)]GlcNAc(b1-Sp19,4.064175,6.5885,-3.998,13.2679,618.63
Gal(b1-4)GlcNAc(b1-6)[Gal(b1-4)GlcNAc(b1-2)]Man(a1-6)[Gal(b1-4)GlcNAc(b1-2)Man(a1-3)]Man(b1-4)GlcNAc(b1-4)[Fuc(a1-6)]GlcNAc(b1-Sp24,11.18475,13.424175,8.90965,639.911175,29053.13195
Neu5Ac(a2-3)Gal(b1-3)GlcNAc(b1-2)Man(a1-6)[GlcNAc(b1-4)][Neu5Ac(a2-3)Gal(b1-3)GlcNAc(b1-2)Man(a1-3)]Man(b1-4)GlcNAc(b1-4)GlcNAc(a1-Sp21,12.888975,16.188775,5.721675,29.127375,436.904225
Neu5Ac(a2-6)Gal(b1-4)GlcNAc(b1-6)[Fuc(a1-2)Gal(b1-4)[Fuc(a1-3)]GlcNAc(b1-3)]Gal(b1-4)Glc(a1-Sp21,3.802,10.9287,4.409525,32.8958,641.15945
Gal(b1-3)GlcNAc(b1-6)GalNAc(a1-Sp14,7.107275,-1.346675,1.210175,2.0868,8.262675
Gal(a1-3)Gal(b1-3)GlcNAc(b1-6)GalNAc(a1-Sp14,2.277925,21.19935,8.75205,0.079725,280.578625
Gal(b1-3)[Fuc(a1-4)]GlcNAc(b1-6)GalNAc(a1-Sp14,20.061725,7.046375,6.840225,11.17785,122.85875
Neu5Ac(a2-3)Gal(b1-3)GlcNAc(b1-6)GalNAc(a1-Sp14,0.46875,-0.3871,77.787575,37.91095,554.13695
(3S)Gal(b1-3)[Fuc(a1-4)]GlcNAc(b1-Sp0,8.895875,13.43515,15.308725,8.02215,65.04925
Gal(b1-4)[Fuc(a1-3)]GlcNAc(b1-6)[Neu5Ac(a2-6)[Neu5Ac(a2-3)Gal(b1-3)]GlcNAc(b1-3)]Gal(b1-4)Glc(a1-Sp21,15.150625,19.078175,1122.552425,2257.93245,6395.767825
Fuc(a1-2)Gal(b1-4)GlcNAc(b1-6)GalNAc(a1-Sp14,7.61655,47.813625,141.362875,2866.938325,5793.2593
Gal(a1-3)Gal(b1-4)GlcNAc(b1-6)GalNAc(a1-Sp14,12.93785,20.932375,364.36065,5291.4163,11357.05763
Gal(b1-4)[Fuc(a1-3)]GlcNAc(b1-2)Man(a1-Sp0,27.31325,12.808025,15.552375,16.58095,315.704725
Fuc(a1-2)(6S)Gal(b1-3)GlcNAc(b1-Sp0,27.670225,13.828875,9.4205,15.838475,92.58945
Gal(a1-3)[Fuc(a1-2)]Gal(b1-4)GlcNAc(b1-6)GalNAc(a1-Sp14,19.537275,2.200875,7.872725,12.073825,62.66905
Fuc(a1-2)Gal(b1-4)GlcNAc(b1-2)Man(a1-Sp0,27.140025,12.8781,12.25575,13.221875,37.50765
Fuc(a1-2)Gal(b1-3)(6S)GlcNAc(b1-Sp0,15.756475,16.871775,24.433925,31.14525,36.49655
Fuc(a1-2)(6S)Gal(b1-3)(6S)GlcNAc(b1-Sp0,17.493425,43.577875,135.6907,157.0903,448.774275
Neu5Ac(a2-6)GalNAc(b1-4)(6S)GlcNAc(b1-Sp8,70.0375,3428.22125,7216.063125,9099.706075,15343.20285
GalNAc(b1-4)[Fuc(a1-3)](6S)GlcNAc(b1-Sp8,29.122575,536.480775,2270.79785,13154.88348,11617.65777
(3S)GalNAc(b1-4)[Fuc(a1-3)]GlcNAc(b1-Sp8,10.9792,8.45835,6.8354,9.7576,234.091375
Fuc(a1-2)Gal(b1-3)GlcNAc(b1-6)[Fuc(a1-2)Gal(b1-3)GlcNAc(b1-3)]GalNAc(a1-Sp14,14.217325,24.506875,36.6193,57.6198,180.90355
GalNAc(a1-3)[Fuc(a1-2)]Gal(b1-3)GlcNAc(b1-6)GalNAc(a1-Sp14,7.31345,14.7225,3.8247,14.222775,79.328275
GlcNAc(b1-6)[GlcNAc(b1-2)]Man(a1-6)[GlcNAc(b1-4)][GlcNAc(b1-4)[GlcNAc(b1-2)]Man(a1-3)]Man(b1-4)GlcNAc(b1-4)[Fuc(a1-6)]GlcNAc(a1-Sp21,-0.131775,569.7502,39.989575,4684.541025,1230.9901
Gal(b1-4)GlcNAc(b1-6)[Gal(b1-4)GlcNAc(b1-2)]Man(a1-6)[GlcNAc(b1-4)]Gal(b1-4)GlcNAc(b1-4)[Gal (b1-4)GlcNAc(b1-2)]Man(a1-3)]Man(b1-4)GlcNAc(b1-4)[Fuc(a1-6)]GlcNAc(a1-Sp21,5.89205,-2.73545,25.55985,8.005475,1174.563
Gal(b1-3)GlcNAc(a1-3)Gal(b1-4)GlcNAc(b1-Sp8 ,4.996675,402.739125,457.8772,8200.418925,4778.42055
Gal(b1-3)(6S)GlcNAc(b1-Sp8 ,12.04655,1.86085,4.38675,5.017325,427.782825
(6S)(4S)GalNAc(b1-4)GlcNAc(a1-Sp8,8.7747,0.326775,13.260225,49.82335,1854.3497
(6S)GalNAc(b1-4)GlcNAc(a1-Sp8 ,436.337,8547.156625,37168.17215,43747.1802,40278.65018
(3S)GalNAc(b1-4)(3S)GlcNAc(a1-Sp8,-1.4954,3.1831,-0.3744,14.259425,81.994825
GalNAc(b1-4)(6S)GlcNAc(a1-Sp8 ,146.259725,5055.20485,32006.52307,37466.0776,39800.60372
(3S)GalNAc(b1-4)GlcNAc(a1-Sp8 ,118.072825,2326.309725,15495.5648,20096.01548,28871.10003
(4S)GalNac(b1-Sp10,4.873025,3.39895,6.902425,18.792775,70.428225
Gal(b1-4)(6P)GlcNAc(b1-Sp0 ,25.7882,43.41965,108.463575,7132.24895,10468.0956
(6P)Gal(b1-4)GlcNAc(b1-SP0 ,-10.4335,-32.400775,-34.359075,-25.793425,-19.5412
GalNAc(a1-3)[Fuc(a1-2)]Gal(b1-4)GlcNAc(b1-6)GalNAc(a1-Sp14,46.38965,5604.0752,21206.97523,30852.45635,42923.39605
Neu5Ac(a2-6)Gal(b1-4)GlcNAc(b1-2)Ma(n1-Sp0,16.513425,15.606675,18.593475,10.77395,13.012975
Gal(a1-3)Gal(b1-4)GlcNAc(b1-2)Man(a1-Sp0,8.46705,8.318025,4.121875,19.22405,23.28105
Gal(a1-3)[Fuc(a1-2)]Gal(b1-4)GlcNAc(b1-2)Man(a1-Sp0,14.264075,11.954725,13.263325,25.32025,77.0778
GalNAc(a1-3)[Fuc(a1-2)]Gal(b1-4) GlcNAc(b1-2)Man(a1-Sp0,4.286575,19.86005,48.8044,576.7314,3884.594375
 Gal(b1-3)GlcNAc(b1-2)Man(a1-Sp0,12.01245,9.637925,12.864125,39.675275,70.238875
Gal(a1-3)[Fuc(a1-2)]Gal(b1-3)GlcNAc(b1-6)GalNAc(a1-Sp14,5.060925,14.2306,0.3683,8.67525,18.63145
Neu5Ac(a2-3)Gal(b1-3)GlcNAc(b1-2)Man(a1-Sp0,18.6145,82.73955,404.5551,1177.829375,4482.92365
Gal(a1-3)Gal(b1-3)GlcNAc(b1-2)Man(a1-Sp0,-0.1627,1.152375,89.08755,11.380025,106.6222
GalNAc(b1-4)GlcNAc(b1-2)Man(a1-Sp0,801.97485,11060.10263,35734.64222,33239.79845,36375.37883
Neu5Ac(a2-3)Gal(b1-3)GlcNAc(b1-4)Gal(b1-4)Glc(b1-Sp0,4.74625,7.359225,10.85905,24.55285,123.242275
GlcNAc(b1-2) Man(a1-6)[GlcNAc(b1-4)][GlcNAc(b1-2)Man(a1-3)]Man(b1-4)GlcNAc(b1-4)[Fuc(a1-6)]GlcNAc(a1-Sp21,305.841325,9911.2987,40499.88355,35443.94505,27268.16293
Gal(b1-4)GlcNAc(b1-2) Man(a1-6)[GlcNAc(b1-4)][Gal(b1-4)GlcNAc(b1-2)Man(a1-3)]Man(b1-4)GlcNAc(b1-4)[Fuc(a1-6)]GlcNAc(a1-Sp21,8.795425,644.486875,4434.125125,18537.94398,31242.29875
Gal(b1-4)GlcNAc(b1-2) Man(a1-6)[Gal(b1-4)GlcNAc(b1-4)][Gal(b1-4)GlcNAc(b1-2)Man(a1-3)]Man(b1-4)GlcNAc(b1-4)[Fuc(a1-6)]GlcNAc(a1-Sp21,5.030975,146.353675,9440.7362,35276.5122,21117.87232
Fuc(a1-4)[Gal(b1-3)]GlcNAc(b1-2)Man(a1-Sp0,22.867375,44.580125,85.359,237.497475,633.809225
Neu5Ac(a2-3)Gal(b1-4)[Fuc(a1-3)]GlcNAc(b1-2)Man(a1-Sp0,8.273375,19.704575,41.9918,46.82615,1412.000975
GlcNAc(b1-3)Gal(b1-4)GlcNAc(b1-6)[GlcNAc(b1-3)]Gal(b1-4)GlcNAc(a1-Sp0,166.062925,5969.858325,30061.40735,38475.7003,39109.753
GalNAc(a1-3)[Fuc(a1-2)]Gal(b1-3)GalNAc(b1-3)Gal(a1-4)Gal(b1-4)Glc(a1-Sp21,0.4052,4.497525,4.478075,46.983325,181.935575
Gal(a1-3)[Fuc(a1-2)]Gal(b1-3)GalNAc(b1-3)Gal(a1-4)Gal(b1-4)Glc(a1-Sp21,8.881125,7.896775,8.74505,11.9475,55.536875
Gal(b1-3)GalNAc(b1-3)Ga(l1-Sp21,29.5253,8.800475,16.9292,16.706775,132.596275
GlcNAc(b1-3)Gal(b1-4)GlcNAc(b1-2)Man(a1-6)[GlcNAc(b1-3)Gal(b1-4)GlcNAc(b1-2)Man(a1-3)]Man(b1-4)GlcNAc(b1-4)GlcNAc(b1-Sp12,85.1517,5531.470525,33187.1459,40050.88268,40973.21168
GlcNAc(b1-3)Gal(b1-4)GlcNAc(b1-2)Man(a1-6)[GlcNAc(b1-3)Gal(b1-4)GlcNAc(b1-2)Man(a1-3)]Man(b1-4)GlcNAc(b1-4)GlcNAc(b1-Sp25,323.0288,10264.57802,37282.35157,39402.49048,42321.99733
Gal(b1-4)GlcNAc(b1-3)Gal(b1-4)GlcNAc(b1-2)Man(a1-6)[Gal(b1-4)GlcNAc(b1-3)Gal(b1-4)GlcNAc(b1-2)Man(a1-3)]Man(b1-4)GlcNAc(b1-4)GlcNAc(b1-Sp12,210.3718,180.9539,222.80465,375.9946,1355.45125
Gal(b1-4)GlcNAc(b1-3)Gal(b1-4)GlcNAc(b1-2)Man(a1-6)[Gal(b1-4)GlcNAc(b1-3)Gal(b1-4)GlcNAc(b1-2)Man(a1-3)]Man(b1-4)GlcNAc(b1-4)GlcNAc(b1-Sp24,5.2341,73.94645,1471.472625,15463.56193,36041.14158
Neu5Gc(a2-3)Gal(b1-4)GlcNAc(b1-3)Gal(b1-4)GlcNAc(b1-2)Man(a1-6)[Neu5Gc(a2-3)Gal(b1-4)GlcNAc(b1-3)Gal(b1-4)GlcNAc(b1-2)Man(a1-3)]Man(b1-4)GlcNAc(b1-4)GlcNAc(b1-Sp24,28.58465,16.141,240.6858,8704.358125,27907.75733
Fuc(a1-2)Gal(b1-4)GlcNAc(b1-3)Gal(b1-4)GlcNAc(b1-2)Man(a1-6)[Fuc(a1-2)Gal(b1-4)GlcNAc(b1-3)Gal(b1-4)GlcNAc(b1-2)Man(a1-3)]Man(b1-4)GlcNAc(b1-4)GlcNAc(b1-Sp24,39.7895,70.626,2344.265675,22602.12508,40814.382
GlcNAc(b1-3)Gal(b1-4)GlcNAc(b1-3)Gal(b1-4)GlcNAc(b1-2)Man(a1-6)[GlcNAc(b1-3)Gal(b1-4)GlcNAc(b1-3)Gal(b1-4)GlcNAc(b1-2)Man(a1-3)]Man(b1-4)GlcNAc(b1-4)GlcNAc(b1-Sp12,82.417625,1534.016725,5317.524625,14360.2639,18053.89473
GlcNAc(b1-3)Gal(b1-4)GlcNAc(b1-3)Gal(b1-4)GlcNAc(b1-2)Man(a1-6)[GlcNAc(b1-3)Gal(b1-4)GlcNAc(b1-3)Gal(b1-4)GlcNAc(b1-2)Man(a1-3)]Man(b1-4)GlcNAc(b1-4)GlcNAc(b1-Sp25,399.760075,8538.47175,39284.54642,41732.84673,40686.6642
Gal(b1-4)GlcNAc(b1-3)Gal(b1-4)GlcNAc(b1-3)Gal(b1-4)GlcNAc(b1-2)Man(a1-6)[Gal(b1-4)GlcNAc(b1-3)Gal(b1-4)GlcNAc(b1-3)Gal(b1-4)GlcNAc(b1-2)Man(a1-3)]Man(b1-4)GlcNAc(b1-4)GlcNAc(b1-Sp12,213.5359,358.27605,1089.9797,11953.4099,23436.31255
Gal(b1-4)GlcNAc(b1-3)Gal(b1-4)GlcNAc(b1-3)Gal(b1-4)GlcNAc(b1-2)Man(a1-6)[Gal(b1-4)GlcNAc(b1-3)Gal(b1-4)GlcNAc(b1-3)Gal(b1-4)GlcNAc(b1-2)Man(a1-3)]Man(b1-4)GlcNAc(b1-4)GlcNAc(b1-Sp24,27.33235,79.2533,4728.6488,26597.98763,39983.47273
GlcNAc(b1-3)Gal(b1-4)GlcNAc(b1-3)Gal(b1-4)GlcNAc(b1-3)Gal(b1-4)GlcNAc(b1-2)Man(a1-6)[GlcNAc(b1-3)Gal(b1-4)GlcNAc(b1-3)Gal(b1-4)GlcNAc(b1-3)Gal(b1-4)GlcNAc(b1-2)Man(a1-3)]Man(b1-4)GlcNAc(b1-4)GlcNAc(b1-Sp25,325.523375,7032.55535,42460.16193,42187.25298,40372.58447
Gal(b1-4)GlcNAc(b1-3)Gal(b1-4)GlcNAc(b1-3)Gal(b1-4)GlcNAc(b1-3)Gal(b1-4)GlcNAc(b1-2)Man(a1-6)[Gal(b1-4)GlcNAc(b1-3)Gal(b1-4)GlcNAc(b1-3)Gal(b1-4)GlcNAc(b1-3)Gal(b1-4)GlcNAc(b1-2)Man(a1-3)]Man(b1-4)GlcNAc(b1-4)GlcNAc(b1-Sp25,39.61785,235.689975,7686.65375,37807.9136,40225.02705
Gal(b1-3)GlcNAc(b1-3)Gal(b1-4)GlcNAc(b1-2)Man(a1-6)[Gal(b1-3)GlcNAc(b1-3)Gal(b1-4)GlcNAc(b1-2)Man(a1-3)]Man(b1-4)GlcNAc(b1-4)GlcNAc(a1-Sp25,8.46585,81.41085,167.311775,1997.60375,21591.95442
Neu5Gc(a2-8)Neu5Gc(a2-3)Gal(b1-4)GlcNAc(a1-Sp0,3.3367,12.3006,13.7518,68.950525,3813.1467
Neu5Ac(a2-8)Neu5Gc(a2-3)Gal(b1-4)GlcNAc(a1-Sp0,26.055475,14.8766,199.0691,4518.303275,13123.2588
Neu5Gc(a2-8)Neu5Ac(a2-3)Gal(b1-4)GlcNAc(a1-Sp0,0.877675,5.456875,11.171325,63.151425,8477.733875
Neu5Gc(a2-8)Neu5Gc(a2-3)Gal(b1-4)GlcNAc(b1-3)Gal(b1-4)GlcNAc(a1-Sp0,5.9624,8.528875,89.967225,4637.221675,10177.50335
Neu5Gc(a2-8)Neu5Gc(a2-6)Gal(b1-4)GlcNAc(a1-Sp0,12.019675,11.9124,3.944825,9.41465,12.513775
Neu5Ac(a2-8)Neu5Ac(a2-3)Gal(b1-4)GlcNAc(a1-Sp0,4.784075,45.276875,269.5925,6205.500525,15629.71673
GlcNAc(b1-3)Gal(b1-4)GlcNAc(b1-6)[GlcNAc(b1-3)Gal(b1-4)GlcNAc(b1-2)]Man(a1-6)[GlcNAc(b1-3)Gal(b1-4)GlcNAc(b1-2)]Man (a1-3)]Man(b1-4)GlcNAc(b1-4)GlcNAc(a1-Sp24,172.093675,5256.396175,26769.97708,35655.12383,35169.6653
Gal(b1-4)GlcNAc(b1-3)Gal(b1-4)GlcNAc(b1-6)[Gal(b1-4)GlcNAc(b1-3)Gal(b1-4)GlcNAc(b1-2)]Man(a1-6)[Gal(b1-4)GlcNAc(b1-3)Gal(b1-4)GlcNAc(b1-2)Man(a1-3)]Man(a1-4)GlcNAc(b1-4)GlcNAc(a1-Sp24,12.0984,103.44385,609.3335,9589.90175,18803.2654
Gal(a1-3)Gal(b1-4)GlcNAc(b1-2)Man(a1-6)[Gal(a1-3)Gal(b1-4)GlcNAc(b1-2)Man(a1-3)]Man(b1-4)GlcNAc(b1-4)GlcNAc(a1-Sp24,31.60495,18.16835,633.61895,14468.10883,37478.54083
GlcNAc(b1-3)Gal(b1-4)GlcNAc(b1-6)[GlcNAc(b1-3)Gal(b1-3)]GalNAc(a1-Sp14,1.98715,1919.96575,12231.91325,23195.03197,27991.3668
GalNAc(b1-3)GlcNAc(b1-Sp0 ,-3.661325,5.44785,456.194525,7443.332425,14915.25333
GalNAc(b1-4)GlcNAc(b1-3)GalNAc(b1-4)GlcNAc(b1-Sp0 ,550.22675,8478.6997,30626.12585,36719.43665,34478.90133
GlcNAc(b1-3)Gal(b1-4)GlcNAc(b1-3)Gal(b1-4)GlcNAc(b1-3)Gal(b1-4)GlcNAc(b1-3)Gal(b1-4)GlcNAc(b1-2)Man(a1-6)[GlcNAc(b1-3)Gal(b1-4)GlcNAc(b1-3)Gal(b1-4)GlcNAc(b1-3)Gal(b1-4)GlcNAc(b1-3)Gal(b1-4)GlcNAc(b1-2)Man(a1-3)]Man(b1-4)GlcNAc(b1-4)GlcNAc(b1-Sp25,491.9555,8012.34705,37169.45665,38446.91723,40677.96205
Gal(b1-4)GlcNAc(b1-3)Gal(b1-4)GlcNAc(b1-3)Gal(b1-4)GlcNAc(b1-3)Gal(b1-4)GlcNAc(b1-3)Gal(b1-4)GlcNAc(b1-2)Man(a1-6)[Gal(b1-4)GlcNAc(b1-3)Gal(b1-4)GlcNAc(b1-3)Gal(b1-4)GlcNAc(b1-3)Gal(b1-4)GlcNAc(b1-3)Gal(b1-4)GlcNAc(b1-2)Man(a1-3)]Man(b1-4)GlcNAc(b1-4)GlcNAc(b1-Sp25,24.074175,177.2958,10373.2396,38967.95783,40468.25963
GlcNA(b1-3)Gal(b1-3)GalNAc(a1-Sp14,4.869,1.340225,18.153175,29.260825,155.095925
Gal(b1-3)GlcNAc(b1-6)[Gal(b1-3)]GalNAc(a1-Sp14,2.25855,18.29905,49.640225,65.192,357.35195
Gal(b1-4)GlcNAc(b1-3)Gal(b1-4)GlcNAc(b1-3)Gal(b1-4)GlcNAc(b1-3)Gal(b1-4)GlcNAc(b1-3)Gal(b1-4)GlcNAc(b1-3)Gal(b1-4)GlcNAc(b1-2)Man(a1-6)[Gal(b1-4)GlcNAc(b1-3)Gal(b1-4)GlcNAc(b1-3)Gal(b1-4)GlcNAc(b1-3)Gal(b1-4)GlcNAc(b1-3)Gal(b1-4)GlcNAc(b1-3)Gal(b1-4)GlcNAc(b1-2)Man(a1-3)]Man(b1-4)GlcNAc(b1-4)GlcNAc(b1-Sp25,10.357525,500.26035,5462.875375,33525.6457,44617.4764
(3S)GlcA(b1-3)Gal(b1-4)GlcNAc(b1-3)Gal(b1-4)Glc(a1-Sp0,11.87075,24.061875,18.9182,55.220975,399.4627
(3S)GlcA(b1-3)Gal(b1-4)GlcNAc(b1-2)Man(a1-Sp0,8.6873,-2.6909,0.09395,19.211825,104.84565
Gal(b1-3)GlcNAc(b1-3)Gal(b1-4)GlcNAc(b1-3)Gal(b1-4)GlcNAc(b1-6)[Gal(b1-3)GlcNAc(b1-3)Gal(b1-4)GlcNAc(b1-3)Gal(b1-4)GlcNA(b1-2)]Man(a1-6)[Gal(b1-3)GlcNAc(b1-3)Gal(b1-4)GlcNAc(b1-3)Gal(b1-4)GlcNAc(b1-2)Man(a1-3)]Man(b1-4)GlcNAc(b1-4)[Fuc(a1-6)]GlcNAc(b1-Sp24,88.282575,267.9573,404.992525,4076.8154,18744.8844
Gal(b1-3)GlcNAc(b1-3)Gal(b1-4)GlcNAc(b1-6)[Gal(b1-3)GlcNAc(b1-3)Gal(b1-4)GlcNA(b1-2)]Man(a1-6)[Gal(b1-3)GlcNAc(b1-3)Gal(b1-4)GlcNAc(b1-2)Man(a1-3)]Man(b1-4)GlcNAc(b1-4)[Fuc(a1-6)]GlcNAc(b1-Sp24,93.12785,731.8684,1037.300325,1935.9288,13154.8785
Neu5Ac(a2-8)Neu5Ac(a2-3)Gal(b1-3)GalNAc(b1-4)[Neu5Ac(a2-3)]Gal(b1-4)Glc(a1-Sp21,0.8687,16.7163,7.761025,11.12405,48.779225
GlcNAc(b1-3)Gal(b1-4)GlcNAc(b1-2)Man(a1-6)[GlcNAc(b1-3)Gal(b1-4)GlcNAc(b1-2)Man(a1-3)]Man(b1-4)GlcNAc(b1-4)[Fuc(a1-6)]GlcNAc(b1-Sp24,50.4981,9551.4484,31693.75878,42465.56355,44119.9124
Gal(b1-4)GlcNAc(b1-3)Gal(b1-4)GlcNAc(b1-2)Man(a1-6)[Gal(b1-4)GlcNAc(b1-3)Gal(b1-4)GlcNAc(b1-2)Man(a1-3)]Man(b1-4)GlcNAc(b1-4)[Fuc(a1-6)]GlcNAc(b1-Sp24,21.90015,90.545525,348.398875,12014.663,34427.4359
GlcNAc(b1-3)Gal(b1-4)GlcNAc(b1-3)Gal(b1-4)GlcNAc(b1-2)Man(a1-6)[GlcNAc(b1-3)Gal(b1-4)GlcNAc(b1-3)Gal(b1-4)GlcNAc(b1-2)Man(a1-3)]Man(b1-4)GlcNAc(b1-4)[Fuc(a1-6)]GlcNAc(b1-Sp24,120.3272,7691.43765,34921.49032,36328.3855,41728.5337
Gal(b1-4)GlcNAc(b1-3)Gal(b1-4)GlcNAc(b1-3)Gal(b1-4)GlcNAc(b1-2)Man(a1-6)[Gal(b1-4)GlcNAc(b1-3)Gal(b1-4)GlcNAc(b1-3)Gal(b1-4)GlcNAc(b1-2)Man(a1-3)]Man(b1-4)GlcNAc(b1-4)[Fuc(a1-6)]GlcNAc(b1-Sp24,15.72285,37.104425,3223.2096,25872.58845,39215.75038
GlcNAc(b1-3)Gal(b1-4)GlcNAc(b1-3)Gal(b1-4)GlcNAc(b1-3)Gal(b1-4)GlcNAc(b1-2)Man(a1-6)[GlcNAc(b1-3)Gal(b1-4)GlcNAc(b1-3)Gal(b1-4)GlcNAc(b1-3)Gal(b1-4)GlcNAc(b1-2)Man(a1-3)]Man(b1-4)GlcNAc(b1-4)[Fuc(a1-6)]GlcNAc(b1-Sp24,236.5571,6851.024075,35307.89703,39509.8548,38878.07768
Gal(b1-4)GlcNAc(b1-3)Gal(b1-4)GlcNAc(b1-3)Gal(b1-4)GlcNAc(b1-3)Gal(b1-4)GlcNAc(b1-2)Man(a1-6)[Gal(b1-4)GlcNAc(b1-3)Gal(b1-4)GlcNAc(b1-3)Gal(b1-4)GlcNAc(b1-3)Gal(b1-4)GlcNAc(b1-2)Man(a1-3)]Man(b1-4)GlcNAc(b1-4)[Fuc(a1-6)]GlcNAc(b1-Sp24,74.286525,251.45745,5720.89275,33150.4566,43412.26702
GlcNAc(b1-3)Gal(b1-4)GlcNAc(b1-3)Gal(b1-4)GlcNAc(b1-3)Gal(b1-4)GlcNAc(b1-3)Gal(b1-4)GlcNAc(b1-2)Man(a1-6)[GlcNAc(b1-3)Gal(b1-4)GlcNAc(b1-3)Gal(b1-4)GlcNAc(b1-3)Gal(b1-4)GlcNAc(b1-3)Gal(b1-4)GlcNAc(b1-2)Man(a1-3)]Man(b1-4)GlcNAc(b1-4)[Fuc(a1-6)]GlcNAc(b1-Sp19,319.04655,6384.1631,41521.0242,41129.80325,41471.7137
Gal(b1-4)GlcNAc(b1-3)Gal(b1-4)GlcNAc(b1-3)Gal(b1-4)GlcNAc(b1-3)Gal(b1-4)GlcNAc(b1-3)Gal(b1-4)GlcNAc(b1-2)Man(a1-6)[Gal(b1-4)GlcNAc(b1-3)Gal(b1-4)GlcNAc(b1-3)Gal(b1-4)GlcNAc(b1-3)Gal(b1-4)GlcNAc(b1-3)Gal(b1-4)GlcNAc(b1-2)Man(a1-3)]Man(b1-4)GlcNAc(b1-4)[Fuc(a1-6)]GlcNAc(b1-Sp19,74.6439,407.85425,16163.90143,41164.63115,41188.38415
Gal(b1-4)GlcNAc(b1-3)Gal(b1-4)GlcNAc(b1-6)[Gal(b1-4)GlcNAc(b1-3)Gal(b1-4)GlcNA(b1-2)]Man(a1-6)[Gal(b1-4)GlcNAc(b1-3)Gal(b1-4)GlcNAc(b1-2)Man(a1-3)]Man(b1-4)GlcNAc(b1-4)[Fuc(a1-6)]GlcNAc(b1-Sp24,23.317775,132.309425,384.73365,11523.0806,36998.49783
GlcNAc(b1-3)Gal(b1-4)GlcNAc(b1-3)Gal(b1-4)GlcNAc(b1-6)[GlcNAc(b1-3)Gal(b1-4)GlcNAc(b1-3)Gal(b1-4)GlcNA(b1-2)]Man(a1-6)[GlcNAc(b1-3)Gal(b1-4)GlcNAc(b1-3)Gal(b1-4)GlcNAc(b1-2)Man(a1-3)]Man(b1-4)GlcNAc(b1-4)[Fuc(a1-6)]GlcNAc(b1-Sp24,150.874425,4400.568875,24591.2508,45356.6734,39997.029
Gal(b1-4)GlcNAc(b1-3)Gal(b1-4)GlcNAc(b1-3)Gal(b1-4)GlcNAc(b1-6)[Gal(b1-4)GlcNAc(b1-3)Gal(b1-4)GlcNAc(b1-3)Gal(b1-4)GlcNA(b1-2)]Man(a1-6)[Gal(b1-4)GlcNAc(b1-3)Gal(b1-4)GlcNAc(b1-3)Gal(b1-4)GlcNAc(b1-2)Man(a1-3)]Man(b1-4)GlcNAc(b1-4)[Fuc(a1-6)]GlcNAc(b1-Sp24,34.320425,93.46445,2134.736425,18377.85885,45191.71132
GlcNAc(b1-3)Gal(b1-4)GlcNAc(b1-3)Gal(b1-4)GlcNAc(b1-3)Gal(b1-4)GlcNAc(b1-6)[GlcNAc(b1-3)Gal(b1-4)GlcNAc(b1-3)Gal(b1-4)GlcNAc(b1-3)Gal(b1-4)GlcNA(b1-2)]Man(a1-6)[GlcNAc(b1-3)Gal(b1-4)GlcNAc(b1-3)Gal(b1-4)GlcNAc(b1-3)Gal(b1-4)GlcNAc(b1-2)Man(a1-3)]Man(b1-4)GlcNAc(b1-4)[Fuc(a1-6)]GlcNAc(b1-Sp24,276.0688,6328.695175,31190.47718,39636.67088,45905.35148
Gal(b1-4)GlcNAc(b1-3)Gal(b1-4)GlcNAc(b1-3)Gal(b1-4)GlcNAc(b1-3)Gal(b1-4)GlcNAc(b1-6)[Gal(b1-4)GlcNAc(b1-3)Gal(b1-4)GlcNAc(b1-3)Gal(b1-4)GlcNAc(b1-3)Gal(b1-4)GlcNA(b1-2)]Man(a1-6)[Gal(b1-4)GlcNAc(b1-3)Gal(b1-4)GlcNAc(b1-3)Gal(b1-4)GlcNAc(b1-3)Gal(b1-4)GlcNAc(b1-2)Man(a1-3)]Man(b1-4)GlcNAc(b1-4)[Fuc(a1-6)]GlcNAc(b1-Sp24,12.923625,208.87795,7320.5022,25672.12398,38816.61323
GlcNAc(b1-3)Gal(b1-4)GlcNAc(b1-3)Gal(b1-4)GlcNAc(b1-3)Gal(b1-4)GlcNAc(b1-3)Gal(b1-4)GlcNAc(b1-6)[GlcNAc(b1-3)Gal(b1-4)GlcNAc(b1-3)Gal(b1-4)GlcNAc(b1-3)Gal(b1-4)GlcNAc(b1-3)Gal(b1-4)GlcNA(b1-2)]Man(a1-6)[GlcNAc(b1-3)Gal(b1-4)GlcNAc(b1-3)Gal(b1-4)GlcNAc(b1-3)Gal(b1-4)GlcNAc(b1-3)Gal(b1-4)GlcNAc(b1-2)Man(a1-3)]Man(b1-4)GlcNAc(b1-4)[Fuc(a1-6)]GlcNAc(b1-Sp24,346.018125,6939.045325,34871.71022,39007.57648,44760.13645
Gal(b1-4)GlcNAc(b1-3)Gal(b1-4)GlcNAc(b1-3)Gal(b1-4)GlcNAc(b1-3)Gal(b1-4)GlcNAc(b1-3)Gal(b1-4)GlcNAc(b1-6)[Gal(b1-4)GlcNAc(b1-3)Gal(b1-4)GlcNAc(b1-3)Gal(b1-4)GlcNAc(b1-3)Gal(b1-4)GlcNAc(b1-3)Gal(b1-4)GlcNA(b1-2)]Man(a1-6)[Gal(b1-4)GlcNAc(b1-3)Gal(b1-4)GlcNAc(b1-3)Gal(b1-4)GlcNAc(b1-3)Gal(b1-4)GlcNAc(b1-3)Gal(b1-4)GlcNAc(b1-2)Man(a1-3)]Man(b1-4)GlcNAc(b1-4)[Fuc(a1-6)]GlcNAc(b1-Sp24,50.837075,709.5413,14225.26233,41326.68958,40493.27547
Gal(b1-4)GlcNAc(b1-3)Gal(b1-4)GlcNAc(b1-3)GalNAc(a1-Sp14,59.94715,65.1393,91.9083,223.503825,651.437475
Gal(b1-4)GlcNAc(b1-3)Gal(b1-4)GlcNAc(b1-6)[Gal(b1-3)]GalNAc(a1-Sp14,79.9451,76.565575,130.195725,1423.919175,1894.398625
Gal(b1-4)GlcNAc(b1-3)Gal(b1-4)GlcNAc(b1-6)[Gal(b1-4)GlcNAc(b1-3)Gal(b1-4)GlcNAc(b1-3)]GalNAc(a1-Sp14,76.478025,246.31175,315.470925,2967.129975,1833.00425
Neu5Ac(a2-3)Gal(b1-4)GlcNAc(b1-3)Gal(b1-4)GlcNAc(b1-3)GalNAc(a1-Sp14,0.517,-1.312825,29.314375,525.9484,2739.9656
GlcNAc(b1-3)Gal(b1-4)GlcNAc(b1-3)GalNAc(a1-Sp14,1.3194,2.592075,198.39145,484.297675,1785.28565
GlcNAc(b1-3)Gal(b1-4)GlcNAc(b1-6)[Gal(b1-3)]GalNAc(a1-Sp14,6.432725,349.80845,2427.85765,7750.15725,10968.8386
GlcNAc(b1-3)Gal(b1-4)GlcNAc(b1-6)[GlcNAc(b1-3)Gal(b1-4)GlcNAc(b1-3)]GalNAc(a1-Sp14,14.5092,2081.92365,9307.175925,16115.88995,25090.91947
Neu5Ac(a2-3)Gal(b1-4)GlcNAc(b1-3)Gal(b1-4)GlcNAc(b1-6)[Neu5Ac(a2-3)Gal(b1-4)GlcNAc(b1-3)Gal(b1-4)GlcNAc(b1-3)]GalNAc(a1-Sp14,44.267525,342.5409,7716.5762,24082.08913,26060.40473
Neu5Ac(a2-6)Gal(b1-4)GlcNAc(b1-3)Gal(b1-4)GlcNAc(b1-3)GalNAc(a1-Sp14,0.86355,4.820025,3.86835,32.962825,29.25715
GlcNAc(b1-3)Gal(b1-4)GlcNAc(b1-3)Gal(b1-4)GlcNAc(b1-3)GalNAc(a1-Sp14,12.44145,1801.742975,4880.07915,8927.687425,17255.36982
Gal(b1-4)GlcNAc(b1-3)Gal(b1-3)GalNAc(a1-Sp14,6.715625,10.204975,5.0413,0.919725,163.548
Neu5Ac(a2-3)Gal(b1-4)GlcNAc(b1-3)Gal(b1-4)GlcNAc(b1-6)[Gal(b1-3)]GalNAc(a1-Sp14,32.7999,19.477175,213.51715,5119.8881,11414.62775
Neu5Ac(a2-6)Gal(b1-4)GlcNAc(b1-3)Gal(b1-4)GlcNAc(b1-6)[Gal(b1-3)]GalNAc(a1-Sp14,34.21365,48.6315,43.41,94.54805,680.230525
Neu5Ac(a2-6)Gal(b1-4)GlcNAc(b1-6)[Gal(b1-3)]GalNAc(a1-Sp14,21.0925,4.275425,26.8697,106.626675,112.080475
Neu5Ac(a2-3)Gal(b1-4)GlcNAc(b1-3)Gal(b1-4)GlcNAc(b1-2)Man(a1-6)[Neu5Ac(a2-3)Gal(b1-4)GlcNAc(b1-3)Gal(b1-4)GlcNAc(b1-2)Man(a1-3)]Man(b1-4)GlcNAc(b1-4)GlcNAc(b1-Sp12,82.9808,781.58465,14144.4071,29416.91217,36007.89548
GlcNAc(b1-6)[Neu5Ac(a2-3)Gal(b1-3)]GalNAc(a1-Sp14,7.51045,12.472075,16.421675,302.127625,4188.39815
Neu5Ac(a2-6)Gal(b1-4)GlcNAc(b1-3)Gal(b1-4)GlcNAc(b1-6)[Neu5Ac(a2-6)Gal(b1-4)GlcNAc(b1-3)Gal(b1-4)GlcNAc(b1-3)]GalNAc(a1-Sp14,73.853625,93.354275,138.321325,271.544,616.91295
Neu5Ac(a2-6)Gal(b1-4)GlcNAc(b1-3)Gal(b1-4)GlcNAc(b1-3)Gal(b1-4)GlcNAc(b1-2)Man(a1-6)[Neu5Ac(a2-6)Gal(b1-4)GlcNAc(b1-3)Gal(b1-4)GlcNAc(b1-3)Gal(b1-4)GlcNAc(b1-2)Man(a1-3)]Man(b1-4)GlcNAc(b1-4)GlcNAc(b1-Sp12,87.39795,103.262275,357.433075,5563.746175,13560.13143
Neu5Ac(a2-3)Gal(b1-4)GlcNAc(b1-3)Gal(b1-4)GlcNAc(b1-3)Gal(b1-4)GlcNAc(b1-2)Man(a1-6)[Neu5Ac(a2-3)Gal(b1-4)GlcNAc(b1-3)Gal(b1-4)GlcNAc(b1-3)Gal(b1-4)GlcNAc(b1-2)Man(a1-3)]Man(b1-4)GlcNAc(b1-4)GlcNAc(b1-Sp12,177.3076,294.97955,360.624875,1269.139125,3043.75045
Neu5Ac(a2-6)Gal(b1-4)GlcNAc(b1-3)Gal(b1-4)GlcNAc(b1-2)Man(a1-6)[Neu5Ac(a2-6)Gal(b1-4)GlcNAc(b1-3)Gal(b1-4)GlcNAc(b1-2)Man(a1-3)]Man(b1-4)GlcNAc(b1-4)GlcNAc(b1-Sp12,24.44745,89.27665,927.596275,22795.96948,35668.78848
GlcNAc(b1-3)Fuc(a1-Sp21,81.4248,5396.052525,12433.23445,19667.74075,28295.78358
Gal(b1-3)GalNAc(b1-4)[Neu5Ac(a2-8)Neu5Ac(a2-8)Neu5Ac(a2-3)]Gal(b1-4)Glc(b1-Sp21,24.936225,23.2935,18.0129,26.89255,84.82255